GPSALT IGRF LAT LONG Line MAGIGRF X Y
998.03 22765.762 -27.790047 -49.139281 12170 -22.165 6924667.0 683322.0
987.64 22765.774 -27.791186 -49.139247 12170 -21.245 6924540.0 683324.0
976.68 22765.786 -27.792322 -49.1392 12170 -21.966 6924414.0 683326.0
966.1 22765.799 -27.793461 -49.139158 12170 -23.127 6924288.0 683329.0
956.53 22765.811 -27.7946 -49.139119 12170 -23.403 6924162.0 683331.0
947.04 22765.823 -27.795742 -49.139081 12170 -21.863 6924035.0 683333.0
937.39 22765.835 -27.796881 -49.139053 12170 -20.583 6923909.0 683333.0
928.84 22765.846 -27.798022 -49.139033 12170 -19.03 6923783.0 683333.0
920.26 22765.857 -27.799167 -49.139019 12170 -17.535 6923656.0 683333.0
911.64 22765.868 -27.800308 -49.139008 12170 -16.034 6923529.0 683332.0
903.1 22765.88 -27.801453 -49.138992 12170 -14.692 6923402.0 683332.0
895.65 22765.891 -27.8026 -49.138969 12170 -14.664 6923275.0 683332.0
890.73 22765.903 -27.803742 -49.138936 12170 -17.695 6923149.0 683333.0
886.73 22765.916 -27.804881 -49.138897 12170 -21.616 6923022.0 683335.0
883.24 22765.927 -27.806017 -49.138872 12170 -25.294 6922897.0 683336.0
878.99 22765.94 -27.80715 -49.138839 12170 -29.612 6922771.0 683337.0
874.47 22765.951 -27.808278 -49.138817 12170 -33.021 6922646.0 683337.0
870.37 22765.963 -27.8094 -49.138792 12170 -36.527 6922522.0 683338.0
868.1 22765.974 -27.810517 -49.138775 12170 -40.149 6922398.0 683338.0
864.57 22765.985 -27.811628 -49.138758 12170 -43.122 6922275.0 683337.0
860.88 22765.996 -27.812742 -49.13875 12170 -45.787 6922151.0 683336.0
858.42 22766.006 -27.813856 -49.138744 12170 -49.489 6922028.0 683335.0
859.09 22766.017 -27.814972 -49.138742 12170 -51.159 6921904.0 683334.0
860.84 22766.027 -27.816086 -49.138731 12170 -52.032 6921780.0 683333.0
863.76 22766.038 -27.8172 -49.138722 12170 -53.254 6921657.0 683332.0
867.65 22766.049 -27.818308 -49.138703 12170 -58.78 6921534.0 683332.0
870.84 22766.061 -27.819417 -49.138678 12170 -62.53 6921411.0 683332.0
869.76 22766.073 -27.820525 -49.138653 12170 -67.564 6921289.0 683333.0
865.53 22766.085 -27.821639 -49.138622 12170 -68.887 6921165.0 683334.0
857.59 22766.096 -27.822761 -49.138597 12170 -70.587 6921041.0 683335.0
847.12 22766.108 -27.823889 -49.138575 12170 -76.087 6920916.0 683335.0
837.37 22766.12 -27.825028 -49.138558 12170 -85.324 6920790.0 683335.0
827.71 22766.131 -27.826172 -49.138539 12170 -94.939 6920663.0 683335.0
817.91 22766.143 -27.827317 -49.138519 12170 -100.917 6920536.0 683335.0
811.85 22766.155 -27.828464 -49.138503 12170 -104.265 6920409.0 683334.0
811.56 22766.166 -27.829606 -49.138486 12170 -105.874 6920282.0 683334.0
809.55 22766.178 -27.830736 -49.138464 12170 -106.361 6920157.0 683334.0
803.91 22766.19 -27.831858 -49.138442 12170 -104.325 6920032.0 683335.0
797.01 22766.202 -27.832981 -49.138422 12170 -105.641 6919908.0 683335.0
790.12 22766.213 -27.8341 -49.138406 12170 -111.748 6919784.0 683335.0
781.39 22766.225 -27.835222 -49.138392 12170 -117.092 6919660.0 683334.0
773.38 22766.235 -27.836342 -49.138389 12170 -120.821 6919536.0 683333.0
766.03 22766.246 -27.837464 -49.138389 12170 -123.131 6919411.0 683331.0
759.24 22766.257 -27.838583 -49.138389 12170 -125.061 6919287.0 683329.0
752.48 22766.267 -27.839697 -49.138392 12170 -128.877 6919164.0 683326.0
746.53 22766.278 -27.840811 -49.138392 12170 -132.468 6919041.0 683325.0
743.58 22766.289 -27.841925 -49.138386 12170 -133.626 6918917.0 683323.0
741.84 22766.3 -27.843044 -49.138372 12170 -132.089 6918793.0 683323.0
742.88 22766.312 -27.844167 -49.138344 12170 -131.805 6918669.0 683324.0
747.23 22766.326 -27.845292 -49.1383 12170 -128.605 6918544.0 683326.0
752.67 22766.34 -27.846414 -49.138236 12170 -124.415 6918419.0 683331.0
758.98 22766.355 -27.847533 -49.138158 12170 -120.737 6918295.0 683336.0
768.09 22766.369 -27.848644 -49.138081 12170 -117.491 6918172.0 683342.0
780.23 22766.384 -27.849742 -49.138003 12170 -115.154 6918050.0 683348.0
751.09 22766.629 -27.849217 -49.133275 12180 -131.833 6918102.0 683814.0
757.8 22766.621 -27.848211 -49.133236 12180 -131.501 6918213.0 683820.0
767.92 22766.613 -27.847222 -49.1332 12180 -131.264 6918322.0 683825.0
778.89 22766.605 -27.846242 -49.133186 12180 -129.847 6918431.0 683828.0
787.88 22766.595 -27.845267 -49.133192 12180 -127.635 6918539.0 683829.0
795.42 22766.585 -27.844297 -49.133208 12180 -126.633 6918646.0 683829.0
800.11 22766.574 -27.843328 -49.133231 12180 -126.416 6918754.0 683829.0
803.3 22766.563 -27.842356 -49.133264 12180 -126.455 6918862.0 683827.0
808.46 22766.552 -27.841381 -49.133297 12180 -127.303 6918970.0 683825.0
814.71 22766.541 -27.840406 -49.133328 12180 -128.715 6919078.0 683824.0
821.45 22766.531 -27.839433 -49.133353 12180 -128.752 6919185.0 683823.0
829.11 22766.521 -27.838467 -49.133372 12180 -127.963 6919293.0 683823.0
834.23 22766.51 -27.8375 -49.133392 12180 -127.471 6919400.0 683823.0
837.63 22766.5 -27.836528 -49.133408 12180 -128.621 6919507.0 683823.0
841.25 22766.49 -27.835553 -49.133425 12180 -128.736 6919616.0 683823.0
840.39 22766.48 -27.834569 -49.133439 12180 -122.7 6919725.0 683823.0
835.68 22766.47 -27.833572 -49.133453 12180 -114.203 6919835.0 683823.0
830.75 22766.46 -27.832558 -49.133464 12180 -110.256 6919947.0 683824.0
826.37 22766.45 -27.831531 -49.133467 12180 -110.618 6920061.0 683825.0
824.0 22766.44 -27.830489 -49.133464 12180 -113.901 6920177.0 683827.0
825.26 22766.431 -27.829439 -49.133453 12180 -114.182 6920293.0 683830.0
828.46 22766.421 -27.828383 -49.133447 12180 -110.993 6920410.0 683833.0
830.2 22766.412 -27.827325 -49.133439 12180 -109.925 6920527.0 683835.0
828.57 22766.402 -27.826264 -49.133436 12180 -112.758 6920645.0 683837.0
829.96 22766.392 -27.825197 -49.133436 12180 -113.788 6920763.0 683839.0
837.99 22766.382 -27.824139 -49.133442 12180 -105.256 6920880.0 683840.0
851.6 22766.371 -27.8231 -49.133456 12180 -88.142 6920995.0 683841.0
866.85 22766.36 -27.822081 -49.133483 12180 -67.216 6921108.0 683840.0
879.67 22766.349 -27.821078 -49.133517 12180 -52.319 6921220.0 683838.0
890.86 22766.338 -27.820083 -49.133547 12180 -50.102 6921330.0 683837.0
901.2 22766.328 -27.8191 -49.133581 12180 -49.511 6921439.0 683835.0
912.29 22766.317 -27.818128 -49.133614 12180 -49.594 6921547.0 683833.0
923.91 22766.306 -27.817164 -49.133644 12180 -48.278 6921653.0 683832.0
935.41 22766.296 -27.816214 -49.133675 12180 -47.327 6921759.0 683831.0
946.96 22766.285 -27.815269 -49.133708 12180 -45.815 6921863.0 683829.0
958.14 22766.275 -27.814336 -49.133742 12180 -43.318 6921967.0 683827.0
968.04 22766.265 -27.813408 -49.133775 12180 -39.9 6922070.0 683826.0
978.29 22766.255 -27.812489 -49.133789 12180 -35.716 6922172.0 683826.0
990.48 22766.247 -27.811581 -49.133794 12180 -32.382 6922273.0 683827.0
1003.58 22766.239 -27.810683 -49.133794 12180 -29.343 6922372.0 683828.0
1019.67 22766.23 -27.809808 -49.133803 12180 -26.484 6922469.0 683829.0
1037.48 22766.221 -27.808947 -49.133822 12180 -23.206 6922564.0 683828.0
1051.95 22766.212 -27.8081 -49.133844 12180 -19.828 6922658.0 683828.0
1059.56 22766.203 -27.80725 -49.133869 12180 -16.127 6922752.0 683827.0
1060.88 22766.194 -27.806389 -49.133889 12180 -11.73 6922848.0 683826.0
1059.15 22766.186 -27.805508 -49.1339 12180 -6.751 6922945.0 683826.0
1054.53 22766.177 -27.804608 -49.133903 12180 -2.331 6923045.0 683828.0
1049.02 22766.169 -27.803683 -49.133897 12180 1.32 6923148.0 683830.0
1040.75 22766.161 -27.802733 -49.133889 12180 1.335 6923253.0 683832.0
1032.8 22766.152 -27.801756 -49.133886 12180 2.815 6923361.0 683834.0
1027.12 22766.143 -27.800756 -49.133894 12180 2.046 6923472.0 683835.0
1024.51 22766.133 -27.799736 -49.133903 12180 1.735 6923585.0 683836.0
1024.42 22766.123 -27.798714 -49.133917 12180 0.693 6923698.0 683836.0
1025.82 22766.113 -27.797686 -49.133931 12180 -0.864 6923812.0 683837.0
1029.89 22766.103 -27.796661 -49.133947 12180 -3.111 6923926.0 683837.0
1039.72 22766.093 -27.795647 -49.133967 12180 -4.856 6924038.0 683837.0
1050.16 22766.083 -27.794647 -49.133983 12180 -5.658 6924149.0 683837.0
1057.95 22766.073 -27.793653 -49.134006 12180 -5.692 6924259.0 683836.0
1060.91 22766.063 -27.792661 -49.134036 12180 -4.788 6924369.0 683835.0
1062.14 22766.052 -27.791667 -49.134067 12180 -3.272 6924479.0 683834.0
1060.27 22766.041 -27.790664 -49.1341 12180 -0.178 6924591.0 683832.0
1157.55 22766.3 -27.790369 -49.129156 12190 11.835 6924616.0 684319.0
1157.29 22766.312 -27.791394 -49.129108 12190 13.599 6924502.0 684323.0
1152.46 22766.324 -27.792431 -49.129053 12190 15.816 6924387.0 684326.0
1140.01 22766.337 -27.793483 -49.128989 12190 17.941 6924271.0 684331.0
1124.39 22766.35 -27.794556 -49.128931 12190 19.722 6924152.0 684335.0
1112.5 22766.363 -27.795656 -49.128875 12190 21.169 6924030.0 684338.0
1105.54 22766.375 -27.796772 -49.128825 12190 23.4 6923906.0 684341.0
1103.48 22766.388 -27.7979 -49.128783 12190 25.847 6923781.0 684344.0
1103.64 22766.4 -27.799025 -49.128744 12190 28.778 6923656.0 684345.0
1105.47 22766.411 -27.800153 -49.128719 12190 26.233 6923531.0 684346.0
1108.31 22766.422 -27.801272 -49.1287 12190 22.178 6923407.0 684346.0
1112.11 22766.434 -27.802389 -49.128681 12190 20.195 6923283.0 684346.0
1115.64 22766.445 -27.8035 -49.128658 12190 21.5 6923160.0 684346.0
1118.18 22766.456 -27.804606 -49.128633 12190 19.573 6923038.0 684347.0
1122.4 22766.467 -27.805703 -49.128608 12190 16.696 6922916.0 684347.0
1131.87 22766.478 -27.806789 -49.128594 12190 13.494 6922796.0 684347.0
1145.38 22766.488 -27.807853 -49.128592 12190 2.032 6922678.0 684346.0
1154.88 22766.497 -27.808903 -49.128594 12190 -6.27 6922561.0 684344.0
1158.18 22766.506 -27.809953 -49.128606 12190 -12.215 6922445.0 684341.0
1152.56 22766.515 -27.811008 -49.128617 12190 -16.643 6922328.0 684338.0
1143.1 22766.525 -27.812078 -49.128622 12190 -21.286 6922210.0 684335.0
1130.74 22766.535 -27.813167 -49.128622 12190 -25.06 6922089.0 684334.0
1117.28 22766.546 -27.814275 -49.128617 12190 -30.245 6921966.0 684332.0
1104.26 22766.556 -27.815406 -49.128611 12190 -36.304 6921841.0 684331.0
1093.3 22766.567 -27.816556 -49.128603 12190 -41.304 6921713.0 684330.0
1084.66 22766.578 -27.817722 -49.1286 12190 -47.776 6921584.0 684328.0
1077.28 22766.59 -27.818894 -49.128589 12190 -55.655 6921454.0 684327.0
1070.81 22766.601 -27.820069 -49.128575 12190 -65.503 6921324.0 684326.0
1064.57 22766.613 -27.821247 -49.128558 12190 -76.152 6921194.0 684326.0
1058.2 22766.625 -27.822422 -49.128539 12190 -86.396 6921063.0 684326.0
1051.42 22766.637 -27.823597 -49.128511 12190 -96.658 6920933.0 684327.0
1044.3 22766.65 -27.824772 -49.128472 12190 -104.771 6920803.0 684329.0
1036.85 22766.664 -27.825944 -49.128422 12190 -109.757 6920673.0 684332.0
1030.66 22766.678 -27.827114 -49.128367 12190 -112.596 6920543.0 684335.0
1026.03 22766.692 -27.828278 -49.128311 12190 -115.818 6920414.0 684339.0
1023.02 22766.705 -27.829436 -49.128261 12190 -120.442 6920286.0 684342.0
1020.1 22766.718 -27.830586 -49.128225 12190 -124.907 6920158.0 684343.0
1015.97 22766.73 -27.831731 -49.128203 12190 -125.587 6920031.0 684344.0
1010.95 22766.741 -27.832869 -49.128203 12190 -126.197 6919905.0 684342.0
1005.04 22766.751 -27.834003 -49.128211 12190 -126.938 6919779.0 684339.0
997.69 22766.761 -27.835139 -49.128219 12190 -128.853 6919654.0 684336.0
989.97 22766.772 -27.836272 -49.128219 12190 -131.436 6919528.0 684334.0
982.43 22766.784 -27.837408 -49.128206 12190 -133.065 6919402.0 684334.0
975.2 22766.795 -27.838542 -49.128183 12190 -135.206 6919276.0 684334.0
968.98 22766.808 -27.839675 -49.128158 12190 -136.569 6919151.0 684334.0
962.89 22766.819 -27.840806 -49.128139 12190 -137.023 6919026.0 684334.0
957.26 22766.831 -27.841931 -49.128119 12190 -135.1 6918901.0 684335.0
952.02 22766.843 -27.843053 -49.1281 12190 -132.938 6918777.0 684335.0
947.46 22766.854 -27.844169 -49.128083 12190 -132.025 6918653.0 684334.0
944.3 22766.866 -27.845281 -49.128072 12190 -130.889 6918530.0 684334.0
945.62 22766.877 -27.846375 -49.128064 12190 -130.72 6918408.0 684333.0
954.54 22766.887 -27.847447 -49.128056 12190 -132.398 6918290.0 684331.0
958.46 22766.898 -27.8485 -49.128053 12190 -132.82 6918173.0 684330.0
952.79 22766.908 -27.849544 -49.128056 12190 -131.597 6918057.0 684328.0
1221.49 22766.579 -27.790644 -49.123936 12200 35.908 6924578.0 684833.0
1215.01 22766.589 -27.791747 -49.123933 12200 38.989 6924455.0 684832.0
1209.18 22766.598 -27.792856 -49.12395 12200 42.186 6924333.0 684828.0
1204.82 22766.607 -27.793967 -49.123969 12200 42.917 6924209.0 684824.0
1199.86 22766.617 -27.795086 -49.123967 12200 41.685 6924085.0 684823.0
1193.81 22766.629 -27.796208 -49.123939 12200 41.433 6923961.0 684824.0
1189.14 22766.641 -27.797333 -49.1239 12200 43.254 6923836.0 684826.0
1186.57 22766.653 -27.798456 -49.123867 12200 45.769 6923712.0 684827.0
1184.66 22766.665 -27.799578 -49.123828 12200 48.44 6923588.0 684829.0
1182.99 22766.677 -27.800694 -49.123786 12200 45.894 6923464.0 684831.0
1181.56 22766.69 -27.801811 -49.123744 12200 42.581 6923340.0 684833.0
1179.48 22766.701 -27.802922 -49.123719 12200 41.699 6923217.0 684834.0
1177.54 22766.711 -27.804031 -49.123717 12200 39.936 6923094.0 684832.0
1175.02 22766.722 -27.805133 -49.123711 12200 35.879 6922972.0 684831.0
1171.72 22766.733 -27.806233 -49.123689 12200 30.554 6922850.0 684831.0
1167.0 22766.745 -27.807331 -49.123647 12200 27.603 6922728.0 684834.0
1160.22 22766.757 -27.808428 -49.123603 12200 25.025 6922606.0 684836.0
1151.91 22766.77 -27.809528 -49.123558 12200 20.937 6922485.0 684839.0
1142.84 22766.781 -27.810628 -49.123528 12200 15.441 6922363.0 684840.0
1133.7 22766.793 -27.811736 -49.123497 12200 9.34 6922240.0 684841.0
1123.43 22766.804 -27.812842 -49.123483 12200 1.506 6922117.0 684840.0
1113.33 22766.814 -27.813947 -49.123481 12200 -7.822 6921995.0 684839.0
1104.26 22766.825 -27.815056 -49.123478 12200 -17.135 6921872.0 684837.0
1096.45 22766.835 -27.816167 -49.123478 12200 -26.669 6921749.0 684835.0
1088.82 22766.845 -27.817278 -49.123475 12200 -38.407 6921626.0 684834.0
1082.72 22766.857 -27.818389 -49.12345 12200 -49.488 6921502.0 684834.0
1079.86 22766.869 -27.819497 -49.123417 12200 -61.736 6921380.0 684836.0
1076.62 22766.882 -27.820597 -49.123364 12200 -72.684 6921258.0 684839.0
1072.85 22766.894 -27.821694 -49.123336 12200 -82.65 6921136.0 684840.0
1069.1 22766.904 -27.822789 -49.123322 12200 -92.718 6921015.0 684840.0
1065.34 22766.915 -27.823878 -49.123311 12200 -102.714 6920894.0 684839.0
1061.49 22766.926 -27.824969 -49.123303 12200 -111.322 6920773.0 684838.0
1058.58 22766.936 -27.826058 -49.123294 12200 -118.142 6920652.0 684837.0
1055.75 22766.947 -27.827147 -49.123289 12200 -124.652 6920532.0 684835.0
1053.42 22766.957 -27.828236 -49.123289 12200 -128.593 6920411.0 684833.0
1052.54 22766.966 -27.829317 -49.123303 12200 -130.233 6920291.0 684830.0
1053.58 22766.976 -27.830394 -49.123322 12200 -132.093 6920172.0 684827.0
1055.38 22766.985 -27.831464 -49.123331 12200 -134.29 6920054.0 684824.0
1057.14 22766.996 -27.832525 -49.123317 12200 -135.894 6919936.0 684824.0
1056.78 22767.008 -27.833583 -49.123283 12200 -137.544 6919819.0 684825.0
1053.7 22767.019 -27.834644 -49.12325 12200 -139.471 6919701.0 684826.0
1048.76 22767.03 -27.835714 -49.123233 12200 -140.903 6919582.0 684826.0
1043.75 22767.041 -27.836792 -49.123228 12200 -142.721 6919463.0 684825.0
1040.08 22767.052 -27.837875 -49.123219 12200 -143.361 6919343.0 684824.0
1037.37 22767.063 -27.838964 -49.123208 12200 -143.32 6919222.0 684823.0
1034.36 22767.074 -27.840056 -49.123192 12200 -143.2 6919101.0 684823.0
1031.66 22767.084 -27.841156 -49.123194 12200 -141.833 6918980.0 684821.0
1029.88 22767.094 -27.842253 -49.123211 12200 -139.614 6918858.0 684817.0
1030.06 22767.104 -27.843353 -49.123225 12200 -138.602 6918736.0 684814.0
1032.82 22767.114 -27.84445 -49.123217 12200 -136.991 6918615.0 684813.0
1035.94 22767.127 -27.845539 -49.123181 12200 -135.533 6918494.0 684815.0
1039.26 22767.14 -27.846625 -49.123136 12200 -135.477 6918373.0 684818.0
1041.41 22767.153 -27.847706 -49.123075 12200 -135.723 6918253.0 684821.0
1041.29 22767.168 -27.848783 -49.122994 12200 -135.044 6918134.0 684828.0
1037.7 22767.183 -27.849861 -49.1229 12200 -134.27 6918014.0 684835.0
1123.66 22767.431 -27.849044 -49.118072 12210 -141.005 6918098.0 685312.0
1135.28 22767.421 -27.847983 -49.118061 12210 -141.096 6918215.0 685315.0
1151.16 22767.414 -27.84695 -49.118006 12210 -142.189 6918330.0 685322.0
1168.5 22767.407 -27.845939 -49.11795 12210 -143.282 6918442.0 685329.0
1183.94 22767.4 -27.844942 -49.117903 12210 -143.031 6918552.0 685336.0
1195.85 22767.393 -27.843956 -49.117869 12210 -143.513 6918661.0 685341.0
1203.28 22767.383 -27.842969 -49.117864 12210 -144.75 6918770.0 685343.0
1206.97 22767.374 -27.841983 -49.117872 12210 -146.466 6918880.0 685344.0
1207.2 22767.363 -27.840989 -49.117892 12210 -148.01 6918990.0 685343.0
1206.68 22767.352 -27.839986 -49.117928 12210 -148.425 6919101.0 685342.0
1205.01 22767.339 -27.838978 -49.117983 12210 -149.228 6919213.0 685338.0
1201.59 22767.325 -27.837958 -49.118058 12210 -151.415 6919326.0 685332.0
1197.56 22767.312 -27.836922 -49.118119 12210 -151.605 6919441.0 685328.0
1193.9 22767.3 -27.835872 -49.118164 12210 -150.633 6919557.0 685325.0
1190.41 22767.288 -27.834808 -49.118197 12210 -149.172 6919675.0 685324.0
1187.99 22767.277 -27.833731 -49.118225 12210 -146.949 6919795.0 685323.0
1187.13 22767.267 -27.832639 -49.118217 12210 -146.432 6919916.0 685326.0
1185.94 22767.258 -27.831539 -49.118181 12210 -146.759 6920037.0 685331.0
1185.71 22767.251 -27.830433 -49.118131 12210 -148.747 6920160.0 685338.0
1185.37 22767.242 -27.829322 -49.118092 12210 -150.075 6920283.0 685344.0
1185.78 22767.234 -27.828214 -49.118061 12210 -148.177 6920406.0 685349.0
1185.83 22767.224 -27.827106 -49.118039 12210 -143.979 6920529.0 685353.0
1184.01 22767.214 -27.825997 -49.118031 12210 -134.508 6920651.0 685355.0
1180.97 22767.203 -27.824889 -49.118044 12210 -120.32 6920774.0 685356.0
1177.79 22767.191 -27.823781 -49.118083 12210 -104.573 6920897.0 685354.0
1175.22 22767.177 -27.822678 -49.118156 12210 -91.772 6921019.0 685349.0
1171.81 22767.162 -27.821575 -49.11825 12210 -78.893 6921142.0 685341.0
1167.16 22767.146 -27.820472 -49.118347 12210 -63.905 6921264.0 685333.0
1162.97 22767.131 -27.819361 -49.118433 12210 -47.72 6921387.0 685327.0
1159.16 22767.117 -27.81825 -49.118508 12210 -31.178 6921510.0 685321.0
1156.33 22767.104 -27.817139 -49.118572 12210 -14.097 6921634.0 685317.0
1155.3 22767.09 -27.816025 -49.118625 12210 0.76 6921757.0 685314.0
1157.47 22767.08 -27.814917 -49.118628 12210 20.518 6921880.0 685315.0
1161.68 22767.073 -27.813814 -49.118572 12210 36.316 6922002.0 685323.0
1167.93 22767.068 -27.812725 -49.118475 12210 51.752 6922122.0 685334.0
1177.16 22767.063 -27.811656 -49.118378 12210 62.299 6922241.0 685346.0
1187.64 22767.057 -27.810608 -49.118317 12210 70.456 6922357.0 685353.0
1198.8 22767.048 -27.809581 -49.118308 12210 76.621 6922471.0 685356.0
1211.16 22767.036 -27.808575 -49.118356 12210 80.957 6922582.0 685353.0
1222.23 22767.024 -27.807581 -49.118422 12210 83.671 6922692.0 685348.0
1232.2 22767.01 -27.806608 -49.118514 12210 81.192 6922801.0 685341.0
1242.42 22766.997 -27.805647 -49.1186 12210 78.16 6922907.0 685334.0
1253.45 22766.985 -27.804703 -49.118661 12210 78.048 6923012.0 685329.0
1263.71 22766.975 -27.803769 -49.118697 12210 77.432 6923115.0 685327.0
1274.49 22766.966 -27.802847 -49.118697 12210 76.802 6923217.0 685329.0
1283.11 22766.959 -27.801928 -49.118669 12210 75.727 6923319.0 685333.0
1289.12 22766.953 -27.801014 -49.118639 12210 73.664 6923421.0 685338.0
1294.86 22766.945 -27.800097 -49.118625 12210 71.744 6923522.0 685341.0
1299.51 22766.936 -27.799181 -49.118644 12210 72.991 6923624.0 685340.0
1302.22 22766.925 -27.798261 -49.118697 12210 72.113 6923726.0 685337.0
1302.56 22766.913 -27.797331 -49.118769 12210 69.163 6923829.0 685331.0
1302.84 22766.901 -27.796386 -49.118828 12210 65.583 6923933.0 685327.0
1303.11 22766.892 -27.795431 -49.118847 12210 61.239 6924040.0 685327.0
1304.85 22766.882 -27.794464 -49.118856 12210 56.391 6924147.0 685328.0
1308.34 22766.874 -27.793492 -49.118858 12210 49.237 6924254.0 685329.0
1314.06 22766.865 -27.792517 -49.118856 12210 44.104 6924362.0 685331.0
1322.89 22766.857 -27.791547 -49.118844 12210 44.208 6924470.0 685334.0
1332.32 22766.849 -27.790581 -49.118825 12210 47.604 6924577.0 685337.0
1361.2 22767.117 -27.790408 -49.113758 12220 65.19 6924588.0 685837.0
1368.32 22767.125 -27.791428 -49.113769 12220 68.453 6924475.0 685834.0
1376.63 22767.134 -27.792436 -49.113764 12220 72.421 6924364.0 685833.0
1383.81 22767.144 -27.793444 -49.11375 12220 75.905 6924252.0 685832.0
1386.83 22767.154 -27.794453 -49.113725 12220 80.52 6924140.0 685833.0
1386.18 22767.165 -27.795469 -49.113689 12220 84.882 6924027.0 685835.0
1381.69 22767.177 -27.796497 -49.113639 12220 93.219 6923913.0 685838.0
1373.8 22767.19 -27.797542 -49.113575 12220 104.47 6923798.0 685843.0
1363.87 22767.202 -27.798603 -49.113525 12220 114.602 6923680.0 685846.0
1354.95 22767.213 -27.799681 -49.113494 12220 123.739 6923561.0 685847.0
1347.74 22767.225 -27.800769 -49.113469 12220 132.683 6923440.0 685848.0
1340.88 22767.236 -27.801869 -49.113447 12220 140.796 6923318.0 685848.0
1333.96 22767.247 -27.802978 -49.113431 12220 148.332 6923195.0 685848.0
1327.72 22767.257 -27.804094 -49.113433 12220 156.279 6923071.0 685846.0
1323.65 22767.265 -27.805217 -49.113461 12220 165.063 6922947.0 685841.0
1320.55 22767.273 -27.806342 -49.1135 12220 172.649 6922822.0 685835.0
1318.18 22767.282 -27.807467 -49.113539 12220 177.745 6922698.0 685829.0
1316.19 22767.291 -27.808597 -49.113558 12220 179.953 6922572.0 685825.0
1312.72 22767.302 -27.809731 -49.113547 12220 173.655 6922447.0 685825.0
1309.15 22767.313 -27.810861 -49.113533 12220 162.406 6922322.0 685824.0
1309.4 22767.284 -27.807675 -49.113531 12221 166.982 6922675.0 685830.0
1304.44 22767.294 -27.808864 -49.11355 12221 167.021 6922543.0 685826.0
1301.28 22767.304 -27.810058 -49.113553 12221 160.361 6922411.0 685824.0
1299.69 22767.317 -27.811256 -49.113525 12221 150.089 6922278.0 685824.0
1299.06 22767.33 -27.812456 -49.113475 12221 142.937 6922145.0 685827.0
1298.17 22767.345 -27.813653 -49.113414 12221 128.473 6922012.0 685831.0
1297.04 22767.359 -27.814853 -49.113344 12221 102.832 6921879.0 685836.0
1295.3 22767.373 -27.816047 -49.113292 12221 75.371 6921747.0 685839.0
1293.15 22767.386 -27.817236 -49.113256 12221 43.18 6921615.0 685841.0
1290.36 22767.398 -27.818422 -49.113228 12221 9.281 6921483.0 685841.0
1286.75 22767.41 -27.819606 -49.113214 12221 -21.871 6921352.0 685841.0
1284.32 22767.421 -27.820783 -49.113208 12221 -50.401 6921222.0 685839.0
1283.77 22767.431 -27.821953 -49.113225 12221 -80.971 6921092.0 685836.0
1284.3 22767.44 -27.823117 -49.113256 12221 -109.919 6920963.0 685831.0
1286.34 22767.45 -27.824269 -49.113283 12221 -135.077 6920836.0 685826.0
1288.59 22767.459 -27.825414 -49.1133 12221 -152.886 6920709.0 685822.0
1290.57 22767.47 -27.82655 -49.113306 12221 -162.481 6920583.0 685820.0
1292.05 22767.479 -27.827678 -49.113322 12221 -168.515 6920458.0 685816.0
1293.82 22767.489 -27.828794 -49.113336 12221 -170.05 6920334.0 685813.0
1295.43 22767.499 -27.829903 -49.113347 12221 -168.982 6920211.0 685810.0
1297.77 22767.51 -27.831003 -49.113333 12221 -167.703 6920090.0 685810.0
1300.45 22767.522 -27.832092 -49.113294 12221 -166.223 6919969.0 685811.0
1302.95 22767.536 -27.833169 -49.113231 12221 -165.518 6919849.0 685816.0
1304.14 22767.55 -27.834239 -49.113161 12221 -165.548 6919731.0 685821.0
1305.41 22767.563 -27.8353 -49.113097 12221 -165.019 6919613.0 685825.0
1305.98 22767.576 -27.836356 -49.113042 12221 -163.42 6919496.0 685829.0
1306.43 22767.589 -27.837406 -49.112986 12221 -161.95 6919379.0 685833.0
1304.99 22767.601 -27.838456 -49.112936 12221 -160.604 6919263.0 685836.0
1300.88 22767.613 -27.839511 -49.112908 12221 -160.479 6919146.0 685837.0
1294.87 22767.624 -27.840569 -49.112892 12221 -158.144 6919029.0 685837.0
1288.67 22767.634 -27.841633 -49.112881 12221 -155.693 6918911.0 685836.0
1281.43 22767.645 -27.842703 -49.112878 12221 -153.506 6918792.0 685834.0
1274.62 22767.655 -27.843778 -49.112881 12221 -151.229 6918673.0 685832.0
1268.23 22767.665 -27.844861 -49.112894 12221 -149.842 6918553.0 685829.0
1262.0 22767.674 -27.845947 -49.112903 12221 -148.66 6918433.0 685826.0
1256.34 22767.686 -27.847036 -49.112889 12221 -145.735 6918312.0 685826.0
1251.12 22767.698 -27.848131 -49.11285 12221 -143.021 6918191.0 685828.0
1244.89 22767.711 -27.849225 -49.112808 12221 -140.775 6918070.0 685830.0
1302.61 22767.977 -27.849706 -49.107867 12231 -141.676 6918009.0 686316.0
1316.7 22767.967 -27.848653 -49.107858 12231 -144.509 6918125.0 686319.0
1326.94 22767.958 -27.847603 -49.107853 12231 -146.366 6918242.0 686321.0
1333.46 22767.948 -27.84655 -49.107853 12231 -148.468 6918358.0 686323.0
1339.59 22767.937 -27.845494 -49.107864 12231 -151.308 6918476.0 686323.0
1342.26 22767.926 -27.844425 -49.107875 12231 -154.447 6918594.0 686324.0
1339.91 22767.915 -27.843342 -49.107881 12231 -158.249 6918714.0 686326.0
1335.41 22767.905 -27.842242 -49.107878 12231 -162.718 6918836.0 686328.0
1330.66 22767.895 -27.841119 -49.107869 12231 -167.452 6918960.0 686331.0
1324.91 22767.885 -27.839983 -49.107861 12231 -172.728 6919086.0 686333.0
1318.66 22767.873 -27.838836 -49.107869 12231 -180.076 6919213.0 686334.0
1312.91 22767.861 -27.837678 -49.107897 12231 -186.759 6919342.0 686333.0
1307.63 22767.847 -27.836514 -49.107947 12231 -193.037 6919471.0 686331.0
1301.89 22767.833 -27.835342 -49.108 12231 -197.937 6919601.0 686327.0
1296.2 22767.819 -27.834164 -49.108053 12231 -202.156 6919731.0 686324.0
1291.19 22767.806 -27.832975 -49.108103 12231 -206.568 6919863.0 686321.0
1287.32 22767.793 -27.831781 -49.108128 12231 -211.192 6919995.0 686321.0
1283.42 22767.782 -27.830578 -49.108119 12231 -216.628 6920129.0 686324.0
1280.12 22767.773 -27.829369 -49.108083 12231 -220.508 6920262.0 686329.0
1276.28 22767.764 -27.828156 -49.108036 12231 -216.175 6920397.0 686336.0
1271.87 22767.754 -27.826942 -49.108003 12231 -204.231 6920532.0 686341.0
1267.44 22767.744 -27.825719 -49.107989 12231 -187.773 6920667.0 686345.0
1263.11 22767.732 -27.824494 -49.108 12231 -165.758 6920803.0 686346.0
1260.22 22767.718 -27.823261 -49.108047 12231 -137.374 6920939.0 686343.0
1256.35 22767.703 -27.822031 -49.108114 12231 -99.732 6921076.0 686339.0
1254.38 22767.687 -27.820806 -49.108189 12231 -40.647 6921212.0 686334.0
1254.12 22767.672 -27.819589 -49.108261 12231 31.371 6921347.0 686329.0
1252.99 22767.658 -27.818386 -49.108328 12231 109.312 6921480.0 686324.0
1251.46 22767.644 -27.817194 -49.108381 12231 181.668 6921612.0 686321.0
1250.99 22767.632 -27.816017 -49.1084 12231 240.384 6921743.0 686321.0
1251.63 22767.623 -27.81485 -49.108375 12231 290.465 6921872.0 686326.0
1252.65 22767.615 -27.8137 -49.108317 12231 315.163 6921999.0 686333.0
1252.6 22767.608 -27.812567 -49.108267 12231 315.455 6922125.0 686340.0
1252.54 22767.599 -27.811444 -49.108242 12231 301.446 6922249.0 686344.0
1252.53 22767.588 -27.810336 -49.10825 12231 285.949 6922372.0 686346.0
1254.98 22767.576 -27.809244 -49.108294 12231 272.447 6922493.0 686343.0
1259.54 22767.562 -27.808167 -49.108369 12231 260.787 6922612.0 686337.0
1264.35 22767.548 -27.8071 -49.108453 12231 248.796 6922731.0 686331.0
1268.48 22767.534 -27.806044 -49.108525 12231 237.634 6922848.0 686326.0
1272.29 22767.523 -27.804994 -49.108564 12231 225.784 6922964.0 686324.0
1277.31 22767.513 -27.803953 -49.108569 12231 215.276 6923080.0 686325.0
1285.58 22767.505 -27.802917 -49.108544 12231 204.221 6923194.0 686329.0
1295.68 22767.498 -27.801894 -49.108497 12231 193.891 6923308.0 686336.0
1303.71 22767.491 -27.800881 -49.108458 12231 184.461 6923420.0 686341.0
1309.65 22767.483 -27.799878 -49.108444 12231 173.615 6923531.0 686344.0
1315.38 22767.473 -27.798886 -49.108461 12231 164.17 6923641.0 686344.0
1320.33 22767.463 -27.7979 -49.108486 12231 153.79 6923750.0 686343.0
1322.48 22767.453 -27.796914 -49.108508 12231 144.174 6923859.0 686343.0
1322.93 22767.443 -27.795928 -49.108539 12231 136.372 6923969.0 686342.0
1319.83 22767.432 -27.794933 -49.108567 12231 128.71 6924079.0 686341.0
1314.02 22767.421 -27.793933 -49.108603 12231 121.221 6924190.0 686339.0
1306.01 22767.41 -27.792917 -49.108642 12231 113.007 6924303.0 686337.0
1297.46 22767.398 -27.791889 -49.108694 12231 105.011 6924417.0 686333.0
1290.6 22767.386 -27.790842 -49.108756 12231 95.928 6924533.0 686329.0
1261.69 22768.264 -27.849767 -49.102467 12240 -141.903 6917994.0 686848.0
1258.36 22768.254 -27.848742 -49.102458 12240 -145.256 6918108.0 686850.0
1255.13 22768.245 -27.847697 -49.102453 12240 -148.959 6918223.0 686853.0
1252.21 22768.235 -27.846636 -49.102447 12240 -153.213 6918341.0 686855.0
1250.18 22768.224 -27.845567 -49.102461 12240 -157.558 6918459.0 686856.0
1252.55 22768.211 -27.844492 -49.102506 12240 -162.119 6918579.0 686853.0
1256.59 22768.198 -27.843411 -49.102569 12240 -166.242 6918698.0 686848.0
1262.82 22768.183 -27.842331 -49.102642 12240 -170.157 6918818.0 686843.0
1268.72 22768.17 -27.841244 -49.102708 12240 -177.172 6918939.0 686839.0
1274.76 22768.156 -27.840161 -49.102775 12240 -185.901 6919059.0 686834.0
1282.85 22768.142 -27.839081 -49.102847 12240 -196.595 6919179.0 686829.0
1290.26 22768.128 -27.838 -49.102911 12240 -209.176 6919298.0 686824.0
1296.45 22768.115 -27.836917 -49.102961 12240 -221.668 6919418.0 686821.0
1302.39 22768.104 -27.835831 -49.102978 12240 -233.955 6919539.0 686821.0
1308.12 22768.095 -27.834742 -49.102956 12240 -250.541 6919660.0 686825.0
1312.58 22768.087 -27.83365 -49.102917 12240 -268.53 6919780.0 686831.0
1317.29 22768.079 -27.832558 -49.102875 12240 -282.921 6919901.0 686837.0
1320.16 22768.07 -27.831467 -49.102839 12240 -297.356 6920022.0 686842.0
1320.86 22768.061 -27.830372 -49.102819 12240 -316.293 6920143.0 686846.0
1318.73 22768.051 -27.829272 -49.102819 12240 -343.711 6920265.0 686848.0
1316.14 22768.039 -27.828167 -49.102847 12240 -346.723 6920388.0 686847.0
1312.68 22768.026 -27.827056 -49.102903 12240 -324.392 6920511.0 686844.0
1309.85 22768.012 -27.825942 -49.102975 12240 -300.355 6920635.0 686839.0
1309.45 22767.997 -27.824822 -49.103058 12240 -297.264 6920759.0 686832.0
1310.25 22767.982 -27.823703 -49.103133 12240 -283.106 6920883.0 686827.0
1312.23 22767.969 -27.822581 -49.103181 12240 -223.191 6921007.0 686824.0
1314.15 22767.958 -27.821458 -49.103197 12240 -111.57 6921132.0 686824.0
1312.77 22767.949 -27.820331 -49.103181 12240 48.543 6921257.0 686828.0
1308.91 22767.939 -27.819206 -49.103164 12240 234.861 6921381.0 686831.0
1305.85 22767.929 -27.818083 -49.103158 12240 402.984 6921505.0 686834.0
1304.84 22767.918 -27.816969 -49.103167 12240 534.568 6921629.0 686835.0
1305.03 22767.907 -27.815867 -49.103194 12240 607.107 6921751.0 686834.0
1304.12 22767.895 -27.814772 -49.103225 12240 653.137 6921873.0 686833.0
1303.35 22767.884 -27.813686 -49.103244 12240 668.213 6921993.0 686833.0
1303.65 22767.873 -27.812611 -49.103261 12240 630.918 6922112.0 686833.0
1304.57 22767.863 -27.811547 -49.103275 12240 570.531 6922230.0 686834.0
1305.83 22767.853 -27.810489 -49.103275 12240 516.126 6922347.0 686835.0
1306.04 22767.844 -27.809442 -49.103264 12240 474.013 6922463.0 686838.0
1305.82 22767.836 -27.8084 -49.10325 12240 436.176 6922579.0 686842.0
1303.79 22767.827 -27.807364 -49.103236 12240 396.837 6922694.0 686845.0
1304.26 22767.818 -27.806339 -49.103236 12240 362.577 6922807.0 686846.0
1306.02 22767.807 -27.805317 -49.103258 12240 330.93 6922920.0 686846.0
1308.88 22767.796 -27.804294 -49.103297 12240 301.104 6923034.0 686844.0
1316.2 22767.785 -27.803278 -49.103336 12240 275.478 6923146.0 686842.0
1323.85 22767.773 -27.802264 -49.103381 12240 253.185 6923259.0 686839.0
1329.96 22767.761 -27.801253 -49.103428 12240 234.694 6923371.0 686836.0
1337.17 22767.75 -27.800244 -49.103478 12240 217.811 6923483.0 686833.0
1343.51 22767.738 -27.799242 -49.103531 12240 202.707 6923594.0 686830.0
1349.14 22767.727 -27.798239 -49.103569 12240 187.644 6923705.0 686827.0
1353.21 22767.716 -27.797242 -49.103608 12240 174.115 6923816.0 686825.0
1356.65 22767.705 -27.796247 -49.103647 12240 162.096 6923926.0 686823.0
1359.59 22767.694 -27.795253 -49.103694 12240 150.248 6924036.0 686820.0
1363.55 22767.683 -27.794253 -49.103728 12240 141.91 6924147.0 686819.0
1364.13 22767.673 -27.793242 -49.103744 12240 134.77 6924259.0 686819.0
1361.65 22767.663 -27.792222 -49.103761 12240 127.304 6924372.0 686819.0
1357.17 22767.654 -27.791181 -49.103761 12240 120.741 6924488.0 686820.0
1350.81 22767.644 -27.790122 -49.103758 12240 112.349 6924605.0 686823.0
1422.45 22767.928 -27.791031 -49.098567 12251 131.319 6924496.0 687333.0
1423.67 22767.942 -27.792186 -49.0985 12251 141.458 6924368.0 687337.0
1423.6 22767.956 -27.793353 -49.098439 12251 152.288 6924239.0 687341.0
1421.15 22767.968 -27.794519 -49.098397 12251 165.316 6924109.0 687344.0
1417.32 22767.98 -27.795692 -49.098364 12251 183.617 6923980.0 687345.0
1412.92 22767.991 -27.796856 -49.098358 12251 203.242 6923850.0 687343.0
1408.28 22768.001 -27.798017 -49.098375 12251 224.022 6923722.0 687339.0
1404.57 22768.011 -27.799181 -49.098383 12251 245.924 6923593.0 687337.0
1402.34 22768.022 -27.800344 -49.098372 12251 267.925 6923464.0 687336.0
1400.69 22768.033 -27.801506 -49.098353 12251 292.326 6923335.0 687336.0
1398.65 22768.045 -27.802667 -49.098328 12251 323.021 6923207.0 687336.0
1394.7 22768.057 -27.803825 -49.098294 12251 360.756 6923078.0 687337.0
1389.42 22768.069 -27.804983 -49.098264 12251 405.158 6922950.0 687339.0
1384.71 22768.08 -27.806139 -49.09825 12251 458.314 6922822.0 687338.0
1380.36 22768.09 -27.807292 -49.098258 12251 528.153 6922694.0 687335.0
1377.05 22768.1 -27.808442 -49.098278 12251 609.269 6922567.0 687331.0
1374.77 22768.108 -27.809586 -49.098311 12251 704.926 6922440.0 687326.0
1372.97 22768.117 -27.810731 -49.098339 12251 812.385 6922313.0 687321.0
1371.07 22768.127 -27.811875 -49.098353 12251 931.776 6922186.0 687318.0
1368.96 22768.138 -27.813014 -49.098336 12251 1037.326 6922060.0 687318.0
1367.41 22768.15 -27.814147 -49.098311 12251 1090.091 6921934.0 687318.0
1365.8 22768.163 -27.815281 -49.098269 12251 1098.168 6921809.0 687320.0
1364.58 22768.176 -27.816408 -49.098214 12251 1012.281 6921684.0 687324.0
1362.37 22768.19 -27.817533 -49.09815 12251 853.845 6921559.0 687328.0
1358.63 22768.203 -27.818658 -49.098086 12251 608.636 6921434.0 687333.0
1355.23 22768.216 -27.819781 -49.098036 12251 290.8 6921310.0 687336.0
1352.13 22768.229 -27.8209 -49.097997 12251 -34.782 6921186.0 687338.0
1348.69 22768.24 -27.822017 -49.097975 12251 -285.176 6921062.0 687338.0
1344.21 22768.252 -27.823131 -49.097956 12251 -439.042 6920938.0 687338.0
1338.9 22768.264 -27.82425 -49.097925 12251 -519.724 6920814.0 687339.0
1334.76 22768.276 -27.825369 -49.097897 12251 -537.333 6920690.0 687340.0
1331.22 22768.287 -27.826489 -49.097878 12251 -531.929 6920566.0 687340.0
1327.87 22768.297 -27.827608 -49.097878 12251 -498.088 6920442.0 687338.0
1322.72 22768.308 -27.828731 -49.097881 12251 -471.806 6920318.0 687335.0
1317.33 22768.319 -27.829858 -49.097875 12251 -439.047 6920193.0 687334.0
1312.52 22768.33 -27.830992 -49.097853 12251 -392.705 6920067.0 687335.0
1307.02 22768.343 -27.832131 -49.097817 12251 -351.679 6919941.0 687336.0
1301.57 22768.355 -27.833275 -49.097789 12251 -319.296 6919814.0 687337.0
1296.56 22768.367 -27.834422 -49.097761 12251 -284.151 6919687.0 687338.0
1291.86 22768.38 -27.835572 -49.097725 12251 -253.641 6919560.0 687339.0
1287.36 22768.393 -27.836722 -49.097694 12251 -231.543 6919432.0 687340.0
1282.81 22768.405 -27.837875 -49.097667 12251 -214.106 6919304.0 687341.0
1278.58 22768.417 -27.839025 -49.097644 12251 -200.306 6919177.0 687341.0
1274.36 22768.429 -27.840178 -49.097631 12251 -190.492 6919049.0 687340.0
1270.26 22768.439 -27.841325 -49.097642 12251 -183.082 6918922.0 687337.0
1266.26 22768.448 -27.842472 -49.097667 12251 -175.549 6918795.0 687333.0
1263.07 22768.458 -27.843619 -49.097683 12251 -170.012 6918668.0 687329.0
1260.38 22768.469 -27.844764 -49.097694 12251 -165.91 6918541.0 687326.0
1257.51 22768.479 -27.845908 -49.0977 12251 -161.084 6918414.0 687324.0
1256.41 22768.491 -27.84705 -49.097694 12251 -155.521 6918288.0 687322.0
1256.37 22768.503 -27.848192 -49.097672 12251 -150.425 6918161.0 687323.0
1253.03 22768.515 -27.849331 -49.097639 12251 -146.284 6918035.0 687324.0
1159.76 22768.796 -27.849508 -49.092375 12260 -147.101 6918007.0 687842.0
1160.47 22768.783 -27.848428 -49.092419 12260 -150.63 6918127.0 687840.0
1162.16 22768.771 -27.847342 -49.092458 12260 -154.448 6918247.0 687838.0
1162.73 22768.759 -27.84625 -49.092486 12260 -158.771 6918368.0 687837.0
1163.31 22768.749 -27.845153 -49.092486 12260 -165.006 6918490.0 687839.0
1165.04 22768.739 -27.84405 -49.092472 12260 -172.585 6918612.0 687842.0
1168.63 22768.73 -27.842942 -49.092447 12260 -178.413 6918735.0 687846.0
1173.72 22768.72 -27.841833 -49.092433 12260 -185.25 6918858.0 687850.0
1178.51 22768.709 -27.840722 -49.092444 12260 -193.852 6918981.0 687850.0
1183.08 22768.696 -27.839611 -49.092492 12260 -203.182 6919104.0 687848.0
1186.21 22768.682 -27.838494 -49.092553 12260 -214.126 6919228.0 687844.0
1186.84 22768.668 -27.837369 -49.092611 12260 -229.663 6919352.0 687840.0
1187.46 22768.655 -27.836236 -49.092664 12260 -250.384 6919478.0 687837.0
1189.4 22768.642 -27.835097 -49.092703 12260 -275.484 6919604.0 687835.0
1191.47 22768.63 -27.833956 -49.092731 12260 -311.384 6919731.0 687834.0
1195.26 22768.618 -27.832808 -49.092744 12260 -353.577 6919858.0 687834.0
1200.19 22768.607 -27.831658 -49.092756 12260 -395.85 6919986.0 687836.0
1206.26 22768.595 -27.830511 -49.092772 12260 -461.395 6920113.0 687836.0
1212.71 22768.583 -27.829367 -49.092806 12260 -548.713 6920240.0 687834.0
1219.33 22768.57 -27.828219 -49.092844 12260 -652.589 6920367.0 687833.0
1226.25 22768.558 -27.827075 -49.092872 12260 -753.165 6920493.0 687832.0
1234.42 22768.546 -27.825933 -49.092889 12260 -823.697 6920620.0 687832.0
1243.21 22768.536 -27.824797 -49.092883 12260 -846.457 6920746.0 687835.0
1252.49 22768.527 -27.823661 -49.092861 12260 -781.087 6920872.0 687839.0
1262.1 22768.518 -27.822528 -49.092839 12260 -581.163 6920997.0 687843.0
1271.97 22768.508 -27.821403 -49.092831 12260 -220.556 6921122.0 687846.0
1282.61 22768.497 -27.820283 -49.092844 12260 241.455 6921246.0 687846.0
1294.28 22768.485 -27.819172 -49.092875 12260 689.063 6921369.0 687845.0
1307.37 22768.473 -27.818067 -49.092911 12260 1036.88 6921492.0 687843.0
1321.56 22768.461 -27.816972 -49.092947 12260 1233.853 6921613.0 687842.0
1334.35 22768.449 -27.815883 -49.092978 12260 1298.947 6921734.0 687841.0
1343.82 22768.438 -27.814794 -49.093 12260 1299.343 6921854.0 687840.0
1352.76 22768.427 -27.813708 -49.093025 12260 1222.177 6921975.0 687840.0
1362.92 22768.414 -27.812622 -49.093067 12260 1090.949 6922095.0 687838.0
1372.23 22768.402 -27.811539 -49.093125 12260 963.901 6922216.0 687834.0
1380.42 22768.389 -27.810453 -49.093178 12260 845.37 6922336.0 687830.0
1388.64 22768.377 -27.809364 -49.093217 12260 729.77 6922457.0 687828.0
1397.14 22768.366 -27.808278 -49.093231 12260 631.838 6922577.0 687829.0
1405.61 22768.356 -27.807189 -49.093236 12260 548.924 6922698.0 687830.0
1413.81 22768.346 -27.806097 -49.093242 12260 480.955 6922819.0 687832.0
1421.47 22768.336 -27.805008 -49.093239 12260 427.882 6922939.0 687834.0
1429.56 22768.327 -27.803919 -49.093236 12260 382.961 6923060.0 687836.0
1437.09 22768.317 -27.802833 -49.093236 12260 342.869 6923180.0 687838.0
1445.54 22768.306 -27.80175 -49.09325 12260 309.836 6923300.0 687838.0
1453.72 22768.295 -27.800675 -49.093278 12260 285.397 6923420.0 687837.0
1461.74 22768.284 -27.799603 -49.093311 12260 267.063 6923538.0 687836.0
1470.76 22768.272 -27.798533 -49.093347 12260 244.933 6923657.0 687834.0
1479.92 22768.261 -27.797467 -49.093383 12260 223.631 6923775.0 687832.0
1486.33 22768.249 -27.796397 -49.093419 12260 203.333 6923894.0 687831.0
1487.88 22768.238 -27.795325 -49.09345 12260 185.673 6924013.0 687830.0
1485.57 22768.227 -27.794253 -49.093481 12260 169.766 6924131.0 687828.0
1479.64 22768.216 -27.793181 -49.093514 12260 156.127 6924250.0 687827.0
1470.89 22768.204 -27.792111 -49.093547 12260 144.5 6924369.0 687825.0
1461.11 22768.194 -27.791036 -49.093572 12260 133.357 6924488.0 687825.0
1413.56 22768.459 -27.790022 -49.088408 12270 117.118 6924593.0 688335.0
1418.43 22768.47 -27.791156 -49.088392 12270 127.675 6924467.0 688335.0
1422.66 22768.481 -27.792289 -49.088369 12270 140.264 6924341.0 688335.0
1427.79 22768.492 -27.793419 -49.088353 12270 154.193 6924216.0 688335.0
1433.36 22768.503 -27.79455 -49.088339 12270 169.154 6924091.0 688335.0
1438.53 22768.513 -27.795675 -49.088328 12270 184.928 6923966.0 688334.0
1442.81 22768.524 -27.796803 -49.088325 12270 201.288 6923841.0 688332.0
1446.78 22768.533 -27.797928 -49.088336 12270 216.367 6923716.0 688329.0
1448.58 22768.543 -27.799053 -49.088342 12270 234.319 6923592.0 688326.0
1447.74 22768.553 -27.800186 -49.088344 12270 255.536 6923466.0 688324.0
1443.21 22768.563 -27.801325 -49.088344 12270 281.441 6923340.0 688322.0
1435.04 22768.574 -27.802469 -49.088336 12270 312.918 6923213.0 688321.0
1423.81 22768.585 -27.803617 -49.088314 12270 353.016 6923086.0 688321.0
1411.34 22768.598 -27.804772 -49.088272 12270 403.752 6922958.0 688323.0
1398.55 22768.611 -27.805936 -49.088217 12270 466.423 6922829.0 688327.0
1385.56 22768.625 -27.807108 -49.088161 12270 544.383 6922699.0 688330.0
1374.54 22768.638 -27.808286 -49.088114 12270 633.545 6922568.0 688333.0
1364.54 22768.651 -27.809472 -49.088078 12270 731.841 6922437.0 688335.0
1357.84 22768.663 -27.810656 -49.088044 12270 834.812 6922305.0 688336.0
1354.27 22768.676 -27.811839 -49.088017 12270 917.626 6922174.0 688336.0
1350.68 22768.687 -27.813011 -49.087997 12270 962.164 6922044.0 688336.0
1346.22 22768.699 -27.814172 -49.087981 12270 949.648 6921916.0 688336.0
1341.52 22768.71 -27.815325 -49.087964 12270 879.232 6921788.0 688336.0
1335.64 22768.722 -27.816469 -49.087942 12270 764.218 6921661.0 688336.0
1329.7 22768.733 -27.817603 -49.087922 12270 602.966 6921536.0 688336.0
1324.17 22768.745 -27.818728 -49.087889 12270 366.094 6921411.0 688337.0
1318.2 22768.758 -27.819844 -49.08785 12270 82.148 6921287.0 688339.0
1311.71 22768.77 -27.820953 -49.087814 12270 -216.1 6921164.0 688341.0
1306.03 22768.782 -27.82205 -49.087783 12270 -491.411 6921043.0 688342.0
1301.58 22768.793 -27.823139 -49.087758 12270 -693.158 6920922.0 688342.0
1295.3 22768.804 -27.824217 -49.087736 12270 -806.207 6920802.0 688343.0
1286.28 22768.815 -27.825292 -49.087719 12270 -834.695 6920683.0 688343.0
1276.7 22768.826 -27.826364 -49.087708 12270 -797.431 6920565.0 688342.0
1267.26 22768.835 -27.827436 -49.087708 12270 -721.211 6920446.0 688340.0
1259.08 22768.845 -27.828506 -49.087711 12270 -628.142 6920327.0 688338.0
1253.23 22768.855 -27.829575 -49.087717 12270 -538.757 6920209.0 688335.0
1248.43 22768.864 -27.830639 -49.087725 12270 -460.062 6920091.0 688333.0
1243.87 22768.874 -27.831697 -49.087733 12270 -393.709 6919974.0 688330.0
1237.92 22768.883 -27.832747 -49.087742 12270 -345.592 6919857.0 688327.0
1231.22 22768.893 -27.833794 -49.087744 12270 -310.684 6919741.0 688325.0
1224.43 22768.903 -27.834836 -49.087736 12270 -280.664 6919626.0 688324.0
1217.74 22768.914 -27.835881 -49.087725 12270 -254.632 6919510.0 688324.0
1210.48 22768.924 -27.836922 -49.087719 12270 -235.031 6919395.0 688322.0
1202.71 22768.933 -27.837964 -49.087719 12270 -219.224 6919279.0 688321.0
1194.51 22768.943 -27.839003 -49.087725 12270 -207.245 6919164.0 688318.0
1186.24 22768.952 -27.840042 -49.087731 12270 -198.426 6919049.0 688316.0
1178.29 22768.963 -27.841078 -49.087725 12270 -190.019 6918934.0 688315.0
1169.57 22768.973 -27.842114 -49.087722 12270 -183.882 6918819.0 688313.0
1160.36 22768.983 -27.84315 -49.087711 12270 -177.605 6918705.0 688313.0
1151.65 22768.994 -27.844186 -49.087694 12270 -171.391 6918590.0 688312.0
1144.04 22769.005 -27.845222 -49.087669 12270 -164.815 6918475.0 688313.0
1138.13 22769.016 -27.846261 -49.087644 12270 -159.227 6918360.0 688314.0
1132.58 22769.027 -27.847297 -49.087619 12270 -154.874 6918245.0 688314.0
1126.91 22769.038 -27.848328 -49.0876 12270 -151.656 6918130.0 688314.0
1120.82 22769.049 -27.849358 -49.087581 12270 -148.953 6918016.0 688315.0
1358.09 22768.716 -27.790428 -49.083647 12280 108.057 6924540.0 688804.0
1364.51 22768.725 -27.791522 -49.08365 12280 117.759 6924419.0 688802.0
1372.14 22768.735 -27.792614 -49.083644 12280 128.292 6924298.0 688800.0
1379.99 22768.746 -27.7937 -49.083614 12280 137.721 6924178.0 688802.0
1385.96 22768.759 -27.794786 -49.083561 12280 146.456 6924057.0 688805.0
1389.1 22768.772 -27.795881 -49.083489 12280 156.963 6923936.0 688810.0
1389.17 22768.786 -27.796986 -49.083411 12280 167.248 6923813.0 688816.0
1384.87 22768.8 -27.798103 -49.083336 12280 178.307 6923689.0 688821.0
1379.06 22768.814 -27.799236 -49.083267 12280 190.164 6923564.0 688826.0
1370.94 22768.828 -27.800386 -49.0832 12280 205.245 6923436.0 688831.0
1359.95 22768.842 -27.80155 -49.083142 12280 225.817 6923307.0 688834.0
1348.18 22768.854 -27.802731 -49.083108 12280 257.191 6923176.0 688836.0
1336.58 22768.866 -27.803925 -49.083086 12280 295.254 6923044.0 688836.0
1324.56 22768.879 -27.805128 -49.083053 12280 336.309 6922911.0 688837.0
1312.82 22768.892 -27.806333 -49.083008 12280 384.698 6922777.0 688839.0
1304.63 22768.905 -27.807544 -49.082961 12280 444.539 6922642.0 688842.0
1300.0 22768.919 -27.808761 -49.082914 12280 501.067 6922508.0 688844.0
1297.6 22768.932 -27.809972 -49.082867 12280 536.361 6922373.0 688847.0
1296.11 22768.945 -27.811181 -49.082831 12280 538.064 6922239.0 688848.0
1293.15 22768.957 -27.812386 -49.082819 12280 504.179 6922106.0 688847.0
1290.58 22768.968 -27.813589 -49.082817 12280 432.072 6921973.0 688846.0
1285.56 22768.979 -27.814783 -49.082819 12280 330.392 6921840.0 688843.0
1277.68 22768.99 -27.815978 -49.082817 12280 213.603 6921708.0 688842.0
1266.92 22769.001 -27.817169 -49.082803 12280 80.328 6921576.0 688841.0
1256.51 22769.013 -27.818361 -49.082783 12280 -69.757 6921444.0 688841.0
1246.35 22769.025 -27.819547 -49.082761 12280 -217.654 6921312.0 688841.0
1236.75 22769.037 -27.820728 -49.082742 12280 -355.488 6921181.0 688841.0
1230.76 22769.048 -27.8219 -49.082733 12280 -486.242 6921051.0 688840.0
1225.54 22769.059 -27.823064 -49.082733 12280 -586.846 6920922.0 688838.0
1218.18 22769.07 -27.824219 -49.082736 12280 -641.176 6920794.0 688835.0
1210.49 22769.08 -27.825369 -49.082739 12280 -622.783 6920667.0 688833.0
1203.26 22769.091 -27.826514 -49.082736 12280 -569.867 6920540.0 688831.0
1196.62 22769.102 -27.827653 -49.082722 12280 -514.709 6920414.0 688831.0
1190.87 22769.115 -27.828786 -49.082686 12280 -467.129 6920288.0 688832.0
1183.79 22769.128 -27.829919 -49.082642 12280 -416.02 6920163.0 688835.0
1176.56 22769.141 -27.831047 -49.082597 12280 -372.207 6920038.0 688837.0
1169.08 22769.153 -27.832169 -49.082553 12280 -330.844 6919913.0 688839.0
1162.09 22769.165 -27.833289 -49.082522 12280 -294.648 6919789.0 688841.0
1155.2 22769.177 -27.834406 -49.082494 12280 -265.305 6919665.0 688841.0
1147.19 22769.188 -27.835517 -49.082483 12280 -242.485 6919542.0 688841.0
1139.98 22769.199 -27.836622 -49.082486 12280 -224.883 6919420.0 688839.0
1132.01 22769.208 -27.837728 -49.082503 12280 -210.492 6919297.0 688835.0
1122.17 22769.217 -27.838828 -49.082542 12280 -199.631 6919176.0 688829.0
1112.72 22769.225 -27.839928 -49.082581 12280 -190.464 6919054.0 688823.0
1104.24 22769.234 -27.841031 -49.082611 12280 -183.264 6918931.0 688819.0
1095.78 22769.243 -27.842139 -49.082628 12280 -178.125 6918809.0 688815.0
1087.63 22769.254 -27.84325 -49.082625 12280 -173.339 6918685.0 688813.0
1079.47 22769.266 -27.844364 -49.082589 12280 -168.418 6918562.0 688815.0
1072.44 22769.28 -27.845481 -49.082539 12280 -163.808 6918438.0 688818.0
1065.34 22769.293 -27.8466 -49.082492 12280 -159.28 6918314.0 688820.0
1057.93 22769.306 -27.847722 -49.082453 12280 -155.176 6918190.0 688822.0
1052.01 22769.317 -27.848847 -49.082436 12280 -150.629 6918065.0 688822.0
1045.64 22769.328 -27.849978 -49.082428 12280 -146.821 6917940.0 688821.0
1034.54 22769.586 -27.848931 -49.077389 12290 -147.333 6918048.0 689319.0
1046.35 22769.572 -27.847817 -49.07745 12290 -151.31 6918172.0 689315.0
1058.85 22769.561 -27.846706 -49.077464 12290 -154.428 6918295.0 689315.0
1068.23 22769.552 -27.845603 -49.077439 12290 -159.288 6918417.0 689320.0
1076.72 22769.543 -27.844506 -49.077414 12290 -162.713 6918538.0 689324.0
1084.62 22769.533 -27.843411 -49.077392 12290 -166.823 6918660.0 689329.0
1092.84 22769.525 -27.842322 -49.077361 12290 -171.081 6918780.0 689333.0
1100.67 22769.517 -27.841233 -49.077319 12290 -175.254 6918901.0 689339.0
1107.48 22769.509 -27.84015 -49.077278 12290 -181.423 6919021.0 689345.0
1114.34 22769.5 -27.839067 -49.07725 12290 -188.494 6919141.0 689350.0
1122.12 22769.49 -27.837989 -49.077247 12290 -197.119 6919260.0 689352.0
1130.69 22769.479 -27.836914 -49.077258 12290 -208.555 6919379.0 689353.0
1139.29 22769.467 -27.835847 -49.077292 12290 -219.751 6919498.0 689352.0
1148.01 22769.454 -27.834783 -49.077356 12290 -231.783 6919616.0 689347.0
1155.61 22769.44 -27.833722 -49.077436 12290 -246.88 6919733.0 689341.0
1163.13 22769.425 -27.832667 -49.077522 12290 -264.125 6919850.0 689334.0
1170.66 22769.411 -27.831611 -49.0776 12290 -285.756 6919967.0 689328.0
1178.64 22769.399 -27.830558 -49.077642 12290 -308.514 6920084.0 689326.0
1186.56 22769.389 -27.829506 -49.07765 12290 -327.161 6920201.0 689327.0
1194.9 22769.38 -27.828456 -49.077639 12290 -344.298 6920317.0 689330.0
1202.9 22769.371 -27.827408 -49.077631 12290 -362.46 6920433.0 689333.0
1212.89 22769.361 -27.826358 -49.077631 12290 -383.027 6920549.0 689334.0
1223.46 22769.351 -27.825314 -49.077636 12290 -389.227 6920665.0 689336.0
1235.18 22769.34 -27.824275 -49.077656 12290 -372.294 6920781.0 689336.0
1247.0 22769.329 -27.823236 -49.077686 12290 -347.546 6920896.0 689335.0
1256.12 22769.318 -27.8222 -49.077706 12290 -326.997 6921010.0 689334.0
1265.91 22769.309 -27.821169 -49.077708 12290 -302.424 6921125.0 689336.0
1278.01 22769.299 -27.820144 -49.077708 12290 -264.298 6921238.0 689338.0
1292.63 22769.29 -27.819128 -49.077711 12290 -215.019 6921351.0 689339.0
1305.27 22769.28 -27.818117 -49.077717 12290 -169.666 6921463.0 689340.0
1315.32 22769.27 -27.817111 -49.077731 12290 -125.371 6921574.0 689341.0
1324.23 22769.26 -27.816111 -49.07775 12290 -74.952 6921685.0 689341.0
1334.26 22769.251 -27.815119 -49.077761 12290 -26.7 6921795.0 689341.0
1344.83 22769.24 -27.814122 -49.077781 12290 18.603 6921906.0 689341.0
1355.01 22769.229 -27.813119 -49.077817 12290 62.571 6922017.0 689339.0
1366.12 22769.217 -27.812117 -49.077869 12290 102.46 6922128.0 689336.0
1381.13 22769.204 -27.811119 -49.077953 12290 143.383 6922239.0 689329.0
1398.05 22769.191 -27.810119 -49.078033 12290 172.819 6922350.0 689323.0
1414.08 22769.178 -27.809117 -49.078094 12290 188.521 6922461.0 689319.0
1424.79 22769.167 -27.808106 -49.078136 12290 200.392 6922573.0 689316.0
1433.61 22769.157 -27.807089 -49.078153 12290 199.845 6922686.0 689316.0
1440.24 22769.147 -27.806064 -49.078153 12290 195.149 6922799.0 689318.0
1446.35 22769.139 -27.805033 -49.078142 12290 188.83 6922913.0 689321.0
1451.76 22769.13 -27.803997 -49.078139 12290 181.428 6923028.0 689323.0
1455.29 22769.12 -27.802961 -49.078139 12290 170.938 6923143.0 689325.0
1458.4 22769.111 -27.801922 -49.078139 12290 158.799 6923258.0 689327.0
1460.98 22769.101 -27.800881 -49.07815 12290 148.054 6923373.0 689328.0
1460.82 22769.09 -27.799842 -49.078175 12290 139.065 6923489.0 689327.0
1459.03 22769.08 -27.798803 -49.078203 12290 131.663 6923604.0 689326.0
1456.64 22769.069 -27.797756 -49.078231 12290 127.259 6923720.0 689325.0
1451.72 22769.058 -27.796703 -49.078261 12290 123.104 6923837.0 689324.0
1444.25 22769.048 -27.795644 -49.078275 12290 118.959 6923954.0 689324.0
1435.55 22769.038 -27.794578 -49.078272 12290 112.488 6924072.0 689326.0
1426.03 22769.03 -27.7935 -49.07825 12290 104.652 6924191.0 689331.0
1416.36 22769.022 -27.792414 -49.078225 12290 96.093 6924312.0 689335.0
1407.95 22769.014 -27.791317 -49.078192 12290 88.249 6924433.0 689340.0
1399.82 22769.006 -27.790214 -49.078161 12290 81.401 6924555.0 689345.0
953.73 22769.866 -27.849164 -49.072167 12300 -139.721 6918014.0 689833.0
963.89 22769.854 -27.848172 -49.072214 12300 -142.392 6918124.0 689830.0
975.88 22769.844 -27.847183 -49.072228 12300 -144.684 6918234.0 689831.0
988.24 22769.835 -27.8462 -49.072217 12300 -147.735 6918343.0 689833.0
999.9 22769.827 -27.845219 -49.072194 12300 -151.253 6918451.0 689837.0
1012.17 22769.818 -27.844242 -49.072186 12300 -154.961 6918560.0 689840.0
1024.19 22769.809 -27.843264 -49.072186 12300 -158.758 6918668.0 689841.0
1035.95 22769.799 -27.842292 -49.072194 12300 -162.405 6918776.0 689842.0
1048.37 22769.789 -27.841325 -49.072214 12300 -166.118 6918883.0 689842.0
1060.46 22769.778 -27.840358 -49.072242 12300 -170.164 6918990.0 689841.0
1072.43 22769.767 -27.839397 -49.072278 12300 -174.746 6919096.0 689839.0
1084.17 22769.756 -27.838439 -49.072328 12300 -179.912 6919203.0 689836.0
1095.2 22769.743 -27.837481 -49.072389 12300 -185.878 6919309.0 689831.0
1105.3 22769.731 -27.836525 -49.072456 12300 -192.024 6919415.0 689827.0
1113.8 22769.718 -27.835567 -49.072525 12300 -200.504 6919521.0 689822.0
1121.61 22769.706 -27.834606 -49.072586 12300 -209.981 6919628.0 689817.0
1128.64 22769.695 -27.833639 -49.072628 12300 -217.892 6919735.0 689815.0
1135.62 22769.686 -27.832664 -49.072625 12300 -226.596 6919843.0 689817.0
1142.87 22769.678 -27.831683 -49.072586 12300 -235.524 6919952.0 689822.0
1149.93 22769.671 -27.830697 -49.072547 12300 -244.779 6920061.0 689828.0
1157.18 22769.664 -27.829711 -49.072519 12300 -253.516 6920170.0 689832.0
1165.2 22769.655 -27.828725 -49.072506 12300 -261.219 6920279.0 689835.0
1172.61 22769.646 -27.827739 -49.072506 12300 -267.618 6920389.0 689837.0
1180.79 22769.637 -27.82675 -49.072511 12300 -271.96 6920498.0 689838.0
1189.76 22769.627 -27.825761 -49.072525 12300 -275.551 6920608.0 689838.0
1199.13 22769.617 -27.824769 -49.072544 12300 -274.055 6920718.0 689838.0
1207.29 22769.606 -27.823778 -49.072569 12300 -265.217 6920828.0 689838.0
1216.03 22769.595 -27.822783 -49.072603 12300 -252.073 6920938.0 689836.0
1225.9 22769.584 -27.821789 -49.072647 12300 -237.346 6921048.0 689833.0
1237.22 22769.571 -27.820803 -49.072711 12300 -221.117 6921158.0 689829.0
1249.42 22769.559 -27.819819 -49.072775 12300 -206.721 6921267.0 689824.0
1262.0 22769.547 -27.818836 -49.072828 12300 -187.918 6921376.0 689821.0
1274.01 22769.536 -27.817856 -49.072861 12300 -167.164 6921484.0 689819.0
1284.28 22769.527 -27.816875 -49.072867 12300 -144.907 6921593.0 689820.0
1294.43 22769.519 -27.815892 -49.072842 12300 -121.293 6921702.0 689824.0
1305.03 22769.512 -27.814914 -49.072817 12300 -96.878 6921810.0 689829.0
1316.08 22769.504 -27.813933 -49.072789 12300 -73.02 6921919.0 689833.0
1325.78 22769.496 -27.812953 -49.072772 12300 -49.498 6922028.0 689836.0
1334.68 22769.487 -27.811967 -49.072772 12300 -26.687 6922137.0 689838.0
1344.35 22769.477 -27.810983 -49.072789 12300 -4.611 6922246.0 689838.0
1353.75 22769.466 -27.809994 -49.072833 12300 15.429 6922355.0 689836.0
1362.9 22769.454 -27.809003 -49.072881 12300 32.974 6922465.0 689833.0
1371.96 22769.443 -27.808011 -49.072919 12300 46.759 6922575.0 689830.0
1382.52 22769.433 -27.807022 -49.072953 12300 56.197 6922685.0 689829.0
1393.08 22769.423 -27.806036 -49.072978 12300 63.632 6922794.0 689828.0
1401.91 22769.413 -27.805047 -49.072994 12300 69.36 6922904.0 689828.0
1408.31 22769.404 -27.804056 -49.073 12300 73.832 6923014.0 689829.0
1414.42 22769.395 -27.803061 -49.072983 12300 75.244 6923124.0 689833.0
1422.4 22769.388 -27.802064 -49.072961 12300 76.183 6923234.0 689837.0
1432.43 22769.379 -27.801072 -49.072961 12300 76.414 6923344.0 689838.0
1443.72 22769.369 -27.800086 -49.072983 12300 77.081 6923454.0 689838.0
1453.37 22769.358 -27.799097 -49.073017 12300 77.409 6923563.0 689836.0
1457.56 22769.348 -27.798094 -49.073047 12300 77.24 6923674.0 689835.0
1455.43 22769.338 -27.797075 -49.073064 12300 76.839 6923787.0 689835.0
1446.54 22769.327 -27.796042 -49.073083 12300 75.186 6923902.0 689835.0
1432.44 22769.317 -27.794997 -49.0731 12300 73.414 6924018.0 689835.0
1415.78 22769.307 -27.793939 -49.073119 12300 71.833 6924135.0 689835.0
1399.71 22769.297 -27.792858 -49.073125 12300 69.692 6924255.0 689837.0
1384.88 22769.288 -27.791767 -49.073108 12300 66.726 6924376.0 689840.0
1372.89 22769.28 -27.790658 -49.073078 12300 63.077 6924498.0 689845.0
1319.38 22769.542 -27.790467 -49.068122 12310 29.842 6924512.0 690334.0
1324.38 22769.552 -27.791525 -49.068122 12310 30.912 6924395.0 690332.0
1328.29 22769.56 -27.792581 -49.068147 12310 30.959 6924278.0 690328.0
1331.67 22769.568 -27.793631 -49.068172 12310 31.151 6924161.0 690323.0
1334.08 22769.576 -27.794681 -49.068186 12310 31.046 6924045.0 690320.0
1337.32 22769.585 -27.795731 -49.068186 12310 30.803 6923929.0 690318.0
1339.71 22769.595 -27.796781 -49.068178 12310 30.378 6923812.0 690317.0
1342.23 22769.605 -27.797831 -49.068161 12310 29.581 6923696.0 690317.0
1346.21 22769.616 -27.798881 -49.068131 12310 28.001 6923580.0 690318.0
1348.94 22769.628 -27.799933 -49.068094 12310 25.985 6923463.0 690320.0
1348.9 22769.639 -27.800986 -49.068061 12310 24.376 6923346.0 690321.0
1347.13 22769.65 -27.802047 -49.068025 12310 22.098 6923228.0 690323.0
1344.24 22769.662 -27.803114 -49.067994 12310 19.056 6923110.0 690324.0
1340.31 22769.672 -27.804189 -49.067972 12310 15.236 6922991.0 690325.0
1336.55 22769.683 -27.805272 -49.067956 12310 10.168 6922871.0 690324.0
1332.77 22769.693 -27.806364 -49.067953 12310 2.995 6922750.0 690323.0
1328.43 22769.703 -27.807464 -49.06795 12310 -6.092 6922628.0 690321.0
1324.36 22769.713 -27.808575 -49.06795 12310 -19.971 6922505.0 690319.0
1320.9 22769.723 -27.809694 -49.067956 12310 -34.457 6922381.0 690317.0
1317.52 22769.733 -27.810822 -49.067961 12310 -48.806 6922256.0 690314.0
1310.01 22769.742 -27.811956 -49.067972 12310 -66.785 6922131.0 690311.0
1299.5 22769.753 -27.813092 -49.067975 12310 -85.853 6922005.0 690309.0
1287.8 22769.763 -27.814236 -49.067969 12310 -105.028 6921878.0 690308.0
1276.46 22769.775 -27.815386 -49.067944 12310 -123.438 6921750.0 690308.0
1264.98 22769.787 -27.816539 -49.067914 12310 -141.39 6921623.0 690309.0
1253.87 22769.8 -27.817697 -49.067867 12310 -158.494 6921494.0 690311.0
1242.31 22769.815 -27.818861 -49.0678 12310 -173.76 6921365.0 690316.0
1231.28 22769.829 -27.820022 -49.067722 12310 -187.622 6921236.0 690322.0
1222.14 22769.844 -27.821183 -49.067656 12310 -199.813 6921108.0 690326.0
1215.24 22769.858 -27.822333 -49.067592 12310 -208.554 6920980.0 690330.0
1207.56 22769.871 -27.823478 -49.067539 12310 -216.092 6920853.0 690334.0
1200.03 22769.884 -27.824614 -49.067494 12310 -220.362 6920727.0 690336.0
1193.13 22769.896 -27.825742 -49.067464 12310 -220.182 6920602.0 690337.0
1185.73 22769.908 -27.826858 -49.067436 12310 -217.237 6920478.0 690338.0
1178.51 22769.919 -27.827967 -49.067411 12310 -211.678 6920356.0 690339.0
1172.59 22769.931 -27.829061 -49.067389 12310 -205.443 6920234.0 690339.0
1166.72 22769.941 -27.83015 -49.067383 12310 -200.192 6920114.0 690337.0
1161.1 22769.951 -27.831228 -49.067386 12310 -195.473 6919994.0 690335.0
1154.32 22769.96 -27.8323 -49.067394 12310 -188.877 6919875.0 690332.0
1146.95 22769.97 -27.833367 -49.067394 12310 -182.2 6919757.0 690331.0
1140.0 22769.98 -27.834425 -49.067397 12310 -177.13 6919640.0 690329.0
1133.61 22769.99 -27.835478 -49.067397 12310 -172.789 6919523.0 690327.0
1127.02 22769.999 -27.836528 -49.067406 12310 -170.436 6919407.0 690324.0
1119.63 22770.008 -27.837575 -49.067419 12310 -168.731 6919291.0 690321.0
1112.39 22770.017 -27.838617 -49.067439 12310 -165.98 6919175.0 690317.0
1104.58 22770.026 -27.839658 -49.067456 12310 -162.782 6919060.0 690314.0
1095.65 22770.036 -27.8407 -49.067461 12310 -158.753 6918945.0 690311.0
1086.23 22770.046 -27.841742 -49.067453 12310 -154.935 6918829.0 690310.0
1076.18 22770.057 -27.842783 -49.067428 12310 -151.62 6918714.0 690311.0
1065.13 22770.069 -27.843825 -49.067394 12310 -148.633 6918598.0 690312.0
1053.13 22770.081 -27.844869 -49.067356 12310 -146.081 6918482.0 690314.0
1039.74 22770.093 -27.845919 -49.067317 12310 -143.126 6918366.0 690316.0
1026.97 22770.105 -27.846972 -49.067281 12310 -139.705 6918249.0 690318.0
1016.41 22770.116 -27.848031 -49.067253 12310 -136.665 6918132.0 690319.0
1007.35 22770.127 -27.849092 -49.067239 12310 -133.56 6918014.0 690318.0
1191.13 22769.812 -27.790192 -49.063017 12320 2.685 6924534.0 690837.0
1196.09 22769.822 -27.791358 -49.063028 12320 2.726 6924405.0 690834.0
1201.48 22769.829 -27.792511 -49.063072 12320 2.82 6924278.0 690828.0
1207.69 22769.837 -27.793653 -49.063117 12320 1.408 6924151.0 690821.0
1213.23 22769.846 -27.794789 -49.063142 12320 0.216 6924025.0 690817.0
1218.07 22769.856 -27.795919 -49.063142 12320 0.756 6923900.0 690815.0
1221.86 22769.867 -27.79705 -49.063119 12320 -1.223 6923775.0 690815.0
1225.06 22769.879 -27.798181 -49.063081 12320 -4.016 6923649.0 690817.0
1228.24 22769.891 -27.799314 -49.063042 12320 -6.854 6923524.0 690819.0
1230.27 22769.903 -27.800453 -49.063011 12320 -12.468 6923397.0 690820.0
1230.22 22769.915 -27.801603 -49.062986 12320 -18.512 6923270.0 690821.0
1226.76 22769.926 -27.802761 -49.062964 12320 -23.02 6923142.0 690821.0
1222.97 22769.937 -27.803931 -49.062961 12320 -27.554 6923012.0 690819.0
1220.24 22769.947 -27.805111 -49.062964 12320 -33.333 6922881.0 690817.0
1217.98 22769.958 -27.8063 -49.062964 12320 -40.66 6922749.0 690814.0
1217.56 22769.97 -27.807497 -49.062947 12320 -51.02 6922617.0 690814.0
1218.34 22769.983 -27.8087 -49.062903 12320 -61.754 6922484.0 690816.0
1218.78 22769.997 -27.809906 -49.062836 12320 -71.92 6922350.0 690821.0
1215.87 22770.012 -27.811119 -49.062761 12320 -83.519 6922215.0 690826.0
1210.84 22770.027 -27.812339 -49.062686 12320 -96.333 6922080.0 690831.0
1205.4 22770.042 -27.813569 -49.062625 12320 -109.236 6921943.0 690835.0
1199.77 22770.056 -27.814806 -49.062575 12320 -120.772 6921806.0 690838.0
1193.53 22770.068 -27.816039 -49.06255 12320 -131.806 6921670.0 690838.0
1188.17 22770.08 -27.817275 -49.06255 12320 -140.807 6921533.0 690836.0
1183.63 22770.089 -27.818511 -49.062578 12320 -149.691 6921396.0 690831.0
1178.97 22770.099 -27.819744 -49.062608 12320 -158.945 6921259.0 690826.0
1175.21 22770.109 -27.820978 -49.062628 12320 -166.493 6921122.0 690822.0
1172.79 22770.121 -27.822211 -49.062611 12320 -173.755 6920986.0 690821.0
1170.58 22770.135 -27.823439 -49.062572 12320 -180.667 6920850.0 690823.0
1168.23 22770.149 -27.824664 -49.062511 12320 -183.521 6920714.0 690827.0
1165.3 22770.164 -27.825886 -49.062447 12320 -181.88 6920578.0 690831.0
1163.66 22770.178 -27.827106 -49.062389 12320 -177.407 6920443.0 690835.0
1161.04 22770.192 -27.828325 -49.062347 12320 -174.97 6920308.0 690837.0
1157.89 22770.204 -27.829542 -49.062336 12320 -174.263 6920173.0 690836.0
1154.14 22770.215 -27.830761 -49.062336 12320 -171.262 6920038.0 690834.0
1148.47 22770.227 -27.831986 -49.062331 12320 -165.317 6919902.0 690832.0
1143.08 22770.238 -27.833214 -49.062331 12320 -160.115 6919766.0 690830.0
1137.3 22770.25 -27.834447 -49.062325 12320 -156.684 6919630.0 690828.0
1129.74 22770.262 -27.835686 -49.062322 12320 -155.684 6919492.0 690826.0
1121.98 22770.274 -27.836933 -49.062319 12320 -155.266 6919354.0 690824.0
1113.79 22770.286 -27.838189 -49.062311 12320 -153.861 6919215.0 690823.0
1105.17 22770.299 -27.83945 -49.062286 12320 -149.508 6919075.0 690823.0
1096.77 22770.313 -27.840717 -49.062256 12320 -147.566 6918935.0 690824.0
1088.59 22770.326 -27.841986 -49.062219 12320 -144.639 6918794.0 690825.0
1080.7 22770.34 -27.84325 -49.062186 12320 -141.376 6918654.0 690826.0
1073.04 22770.354 -27.844514 -49.062153 12320 -138.544 6918514.0 690827.0
1066.02 22770.368 -27.845778 -49.062117 12320 -135.486 6918374.0 690829.0
1059.95 22770.382 -27.847036 -49.062081 12320 -132.031 6918234.0 690830.0
1055.41 22770.395 -27.848294 -49.062056 12320 -128.571 6918095.0 690830.0
1051.16 22770.407 -27.849547 -49.062053 12320 -125.526 6917956.0 690828.0
1146.09 22770.073 -27.790781 -49.058214 12330 -16.145 6924462.0 691310.0
1141.53 22770.086 -27.792039 -49.058183 12330 -17.177 6924322.0 691310.0
1137.23 22770.099 -27.793292 -49.058147 12330 -18.215 6924183.0 691312.0
1134.71 22770.112 -27.794539 -49.058108 12330 -19.785 6924045.0 691313.0
1132.98 22770.125 -27.795778 -49.058075 12330 -21.609 6923908.0 691314.0
1132.42 22770.136 -27.797011 -49.058058 12330 -25.437 6923771.0 691314.0
1132.93 22770.148 -27.798233 -49.058053 12330 -30.445 6923636.0 691312.0
1133.16 22770.159 -27.799447 -49.058044 12330 -35.415 6923501.0 691311.0
1132.73 22770.17 -27.800653 -49.058031 12330 -40.376 6923368.0 691310.0
1131.82 22770.183 -27.801847 -49.058 12330 -43.837 6923235.0 691311.0
1130.28 22770.195 -27.803036 -49.057972 12330 -47.186 6923103.0 691312.0
1128.29 22770.206 -27.804219 -49.05795 12330 -53.124 6922972.0 691312.0
1125.97 22770.218 -27.805394 -49.057939 12330 -60.408 6922842.0 691311.0
1123.59 22770.229 -27.806567 -49.057931 12330 -68.156 6922712.0 691310.0
1120.86 22770.24 -27.807731 -49.057919 12330 -75.286 6922583.0 691309.0
1120.27 22770.251 -27.808886 -49.057906 12330 -81.688 6922455.0 691308.0
1122.62 22770.263 -27.810028 -49.057875 12330 -87.655 6922328.0 691309.0
1126.56 22770.275 -27.811158 -49.057833 12330 -93.455 6922203.0 691311.0
1128.98 22770.288 -27.812275 -49.057783 12330 -99.775 6922079.0 691314.0
1127.77 22770.301 -27.813383 -49.057731 12330 -107.119 6921957.0 691318.0
1123.67 22770.314 -27.814486 -49.057678 12330 -115.105 6921834.0 691321.0
1118.38 22770.326 -27.815589 -49.057633 12330 -122.5 6921712.0 691323.0
1113.38 22770.338 -27.816686 -49.057594 12330 -128.189 6921590.0 691325.0
1109.2 22770.35 -27.817783 -49.057567 12330 -131.912 6921469.0 691326.0
1105.09 22770.36 -27.818878 -49.05755 12330 -134.254 6921347.0 691326.0
1100.2 22770.371 -27.819969 -49.057544 12330 -137.722 6921226.0 691325.0
1094.9 22770.38 -27.821058 -49.057553 12330 -142.636 6921106.0 691322.0
1089.86 22770.389 -27.822147 -49.057578 12330 -148.373 6920985.0 691317.0
1084.22 22770.397 -27.823236 -49.057606 12330 -153.455 6920865.0 691313.0
1077.35 22770.406 -27.824322 -49.057625 12330 -157.419 6920744.0 691309.0
1070.56 22770.416 -27.825414 -49.057631 12330 -158.555 6920623.0 691306.0
1062.94 22770.426 -27.826508 -49.057628 12330 -156.866 6920502.0 691305.0
1055.32 22770.437 -27.827603 -49.057611 12330 -154.32 6920380.0 691304.0
1048.87 22770.449 -27.828703 -49.057589 12330 -154.359 6920259.0 691305.0
1043.79 22770.461 -27.8298 -49.057556 12330 -154.663 6920137.0 691306.0
1039.96 22770.473 -27.830897 -49.057522 12330 -150.469 6920015.0 691307.0
1035.13 22770.484 -27.831992 -49.057506 12330 -148.189 6919894.0 691307.0
1030.24 22770.493 -27.833086 -49.057519 12330 -147.345 6919773.0 691304.0
1023.07 22770.502 -27.834181 -49.057547 12330 -146.424 6919652.0 691299.0
1013.96 22770.511 -27.835278 -49.057572 12330 -144.601 6919530.0 691295.0
1004.98 22770.521 -27.836378 -49.057583 12330 -143.115 6919408.0 691292.0
997.5 22770.532 -27.837481 -49.057561 12330 -141.415 6919286.0 691292.0
989.11 22770.544 -27.838586 -49.057533 12330 -140.805 6919164.0 691293.0
980.12 22770.556 -27.839692 -49.057503 12330 -139.944 6919041.0 691294.0
971.01 22770.567 -27.8408 -49.057486 12330 -137.688 6918918.0 691294.0
961.1 22770.578 -27.841914 -49.057475 12330 -135.502 6918795.0 691293.0
951.13 22770.589 -27.843031 -49.057472 12330 -134.332 6918671.0 691291.0
941.68 22770.6 -27.844153 -49.057469 12330 -131.947 6918547.0 691289.0
931.82 22770.611 -27.845281 -49.057458 12330 -128.647 6918422.0 691289.0
922.84 22770.624 -27.846411 -49.057417 12330 -125.03 6918296.0 691291.0
915.8 22770.639 -27.847544 -49.057344 12330 -121.213 6918171.0 691296.0
911.1 22770.655 -27.848669 -49.057244 12330 -118.783 6918046.0 691304.0
908.83 22770.671 -27.849789 -49.057128 12330 -116.142 6917921.0 691313.0
988.58 22770.956 -27.849031 -49.05165 12341 -108.19 6917997.0 691854.0
989.64 22770.944 -27.847856 -49.051669 12341 -110.096 6918127.0 691854.0
989.35 22770.932 -27.846689 -49.051683 12341 -112.465 6918257.0 691855.0
989.09 22770.919 -27.845525 -49.051708 12341 -114.458 6918385.0 691854.0
990.52 22770.907 -27.844367 -49.051744 12341 -116.139 6918514.0 691853.0
992.18 22770.893 -27.843217 -49.051794 12341 -117.693 6918641.0 691850.0
993.07 22770.879 -27.842072 -49.051847 12341 -117.894 6918768.0 691847.0
993.83 22770.866 -27.840928 -49.051903 12341 -121.2 6918895.0 691843.0
995.82 22770.853 -27.839783 -49.051942 12341 -123.353 6919022.0 691842.0
998.25 22770.841 -27.838644 -49.051972 12341 -126.785 6919148.0 691841.0
1000.64 22770.829 -27.837506 -49.051989 12341 -128.617 6919275.0 691841.0
1004.15 22770.818 -27.836369 -49.052 12341 -130.52 6919401.0 691842.0
1007.21 22770.807 -27.835236 -49.052006 12341 -131.592 6919526.0 691843.0
1011.33 22770.797 -27.834108 -49.052 12341 -133.017 6919651.0 691846.0
1014.54 22770.787 -27.832986 -49.051986 12341 -133.66 6919775.0 691849.0
1018.7 22770.778 -27.831872 -49.051967 12341 -134.295 6919899.0 691853.0
1022.94 22770.769 -27.830764 -49.051936 12341 -134.0 6920022.0 691858.0
1024.91 22770.76 -27.829658 -49.051906 12341 -134.322 6920144.0 691863.0
1026.23 22770.751 -27.828553 -49.051889 12341 -135.148 6920266.0 691866.0
1028.21 22770.74 -27.82745 -49.0519 12341 -136.337 6920389.0 691867.0
1031.23 22770.727 -27.826347 -49.05195 12341 -135.931 6920511.0 691864.0
1036.71 22770.713 -27.825247 -49.052025 12341 -134.549 6920633.0 691859.0
1043.68 22770.699 -27.824153 -49.052094 12341 -133.807 6920754.0 691854.0
1052.39 22770.686 -27.823064 -49.052153 12341 -132.627 6920875.0 691850.0
1060.91 22770.674 -27.821978 -49.0522 12341 -131.06 6920995.0 691847.0
1070.33 22770.662 -27.820897 -49.052242 12341 -129.121 6921115.0 691845.0
1081.33 22770.65 -27.819825 -49.052286 12341 -125.93 6921234.0 691843.0
1092.47 22770.637 -27.818761 -49.052331 12341 -123.826 6921352.0 691840.0
1103.22 22770.626 -27.8177 -49.052367 12341 -120.192 6921470.0 691839.0
1113.15 22770.616 -27.816644 -49.052364 12341 -117.555 6921587.0 691841.0
1121.74 22770.608 -27.815592 -49.05235 12341 -114.024 6921703.0 691844.0
1129.14 22770.598 -27.814539 -49.052342 12341 -110.24 6921820.0 691847.0
1136.31 22770.588 -27.813486 -49.052364 12341 -105.905 6921937.0 691846.0
1144.14 22770.576 -27.812436 -49.052406 12341 -100.565 6922053.0 691844.0
1150.49 22770.564 -27.811383 -49.05245 12341 -96.142 6922170.0 691841.0
1156.01 22770.553 -27.810328 -49.052486 12341 -91.258 6922287.0 691840.0
1160.9 22770.541 -27.809269 -49.052517 12341 -87.861 6922404.0 691839.0
1165.67 22770.531 -27.808211 -49.052536 12341 -83.084 6922521.0 691839.0
1170.9 22770.521 -27.807153 -49.052547 12341 -79.177 6922639.0 691839.0
1176.51 22770.512 -27.806092 -49.052533 12341 -75.577 6922756.0 691843.0
1185.23 22770.504 -27.805036 -49.052503 12341 -70.242 6922873.0 691847.0
1194.31 22770.497 -27.803983 -49.052467 12341 -66.579 6922990.0 691853.0
1204.19 22770.488 -27.802939 -49.052453 12341 -61.161 6923105.0 691856.0
1213.88 22770.478 -27.8019 -49.052475 12341 -57.411 6923221.0 691856.0
1222.54 22770.466 -27.800864 -49.052528 12341 -54.247 6923336.0 691852.0
1230.59 22770.452 -27.799831 -49.052608 12341 -50.476 6923450.0 691846.0
1237.18 22770.438 -27.798797 -49.0527 12341 -47.358 6923565.0 691839.0
1242.3 22770.424 -27.797758 -49.052789 12341 -43.44 6923680.0 691832.0
1245.23 22770.41 -27.796714 -49.052872 12341 -42.675 6923796.0 691826.0
1248.11 22770.398 -27.795658 -49.052931 12341 -38.502 6923913.0 691822.0
1250.63 22770.387 -27.794592 -49.052961 12341 -36.72 6924031.0 691821.0
1250.88 22770.378 -27.793514 -49.052956 12341 -35.858 6924151.0 691823.0
1250.39 22770.369 -27.792428 -49.052936 12341 -34.561 6924271.0 691827.0
1247.26 22770.361 -27.791325 -49.052911 12341 -34.191 6924393.0 691831.0
1241.71 22770.352 -27.790211 -49.052897 12341 -33.471 6924516.0 691834.0
1168.52 22770.623 -27.791075 -49.04795 12351 -42.612 6924413.0 692321.0
1163.58 22770.632 -27.792361 -49.047986 12351 -44.327 6924271.0 692315.0
1160.95 22770.641 -27.793658 -49.048044 12351 -45.945 6924127.0 692307.0
1157.58 22770.649 -27.794964 -49.048106 12351 -47.687 6923982.0 692298.0
1154.53 22770.659 -27.796278 -49.048139 12351 -49.509 6923837.0 692293.0
1152.06 22770.671 -27.797597 -49.048131 12351 -50.971 6923691.0 692291.0
1147.79 22770.686 -27.798914 -49.048078 12351 -52.976 6923545.0 692294.0
1142.27 22770.702 -27.800231 -49.047992 12351 -56.244 6923399.0 692300.0
1138.11 22770.719 -27.80155 -49.047886 12351 -60.341 6923252.0 692308.0
1135.69 22770.736 -27.802867 -49.047794 12351 -64.606 6923106.0 692315.0
1132.37 22770.751 -27.804186 -49.047722 12351 -68.718 6922960.0 692320.0
1125.98 22770.767 -27.805503 -49.047658 12351 -72.732 6922814.0 692324.0
1117.81 22770.782 -27.806825 -49.047603 12351 -77.535 6922667.0 692327.0
1108.93 22770.796 -27.808147 -49.047556 12351 -81.27 6922521.0 692329.0
1101.78 22770.809 -27.809475 -49.047536 12351 -86.552 6922374.0 692329.0
1097.41 22770.821 -27.8108 -49.047536 12351 -90.266 6922227.0 692327.0
1093.4 22770.832 -27.812119 -49.047553 12351 -94.59 6922081.0 692323.0
1090.71 22770.843 -27.813433 -49.047569 12351 -98.714 6921935.0 692319.0
1088.62 22770.855 -27.814739 -49.047569 12351 -102.198 6921790.0 692316.0
1087.09 22770.867 -27.816036 -49.047564 12351 -105.628 6921646.0 692315.0
1083.18 22770.879 -27.817325 -49.047558 12351 -108.258 6921504.0 692313.0
1077.49 22770.89 -27.818608 -49.047567 12351 -110.535 6921362.0 692310.0
1070.68 22770.9 -27.819886 -49.047594 12351 -112.528 6921220.0 692305.0
1063.18 22770.91 -27.821161 -49.047628 12351 -115.105 6921079.0 692299.0
1056.11 22770.921 -27.822433 -49.047642 12351 -116.482 6920938.0 692296.0
1049.42 22770.933 -27.823703 -49.047628 12351 -117.765 6920797.0 692295.0
1043.62 22770.947 -27.824964 -49.047594 12351 -118.238 6920657.0 692296.0
1037.3 22770.961 -27.826217 -49.047542 12351 -118.899 6920518.0 692299.0
1030.89 22770.976 -27.827467 -49.047481 12351 -118.589 6920380.0 692303.0
1024.3 22770.99 -27.828714 -49.047433 12351 -118.503 6920242.0 692305.0
1018.76 22771.004 -27.829958 -49.047392 12351 -118.066 6920104.0 692307.0
1014.74 22771.017 -27.831197 -49.047358 12351 -116.673 6919966.0 692308.0
1011.54 22771.03 -27.832428 -49.047333 12351 -116.17 6919830.0 692309.0
1008.54 22771.042 -27.833658 -49.047314 12351 -116.475 6919694.0 692308.0
1005.45 22771.054 -27.834883 -49.047306 12351 -116.113 6919558.0 692307.0
1001.75 22771.066 -27.836108 -49.047297 12351 -115.096 6919422.0 692306.0
997.72 22771.078 -27.837331 -49.047286 12351 -114.594 6919286.0 692304.0
994.38 22771.091 -27.838558 -49.047258 12351 -112.52 6919151.0 692305.0
991.83 22771.105 -27.839783 -49.047214 12351 -110.121 6919015.0 692307.0
990.46 22771.119 -27.841008 -49.047156 12351 -108.089 6918879.0 692311.0
989.44 22771.133 -27.842233 -49.047108 12351 -107.402 6918743.0 692313.0
987.81 22771.147 -27.843464 -49.047069 12351 -106.673 6918607.0 692315.0
986.15 22771.161 -27.844694 -49.047028 12351 -104.588 6918470.0 692317.0
983.83 22771.175 -27.845925 -49.046983 12351 -102.81 6918334.0 692319.0
982.14 22771.189 -27.847158 -49.046933 12351 -101.648 6918197.0 692322.0
980.77 22771.203 -27.848392 -49.046892 12351 -100.262 6918060.0 692324.0
979.0 22771.216 -27.849631 -49.046867 12351 -97.631 6917923.0 692324.0
1144.29 22771.506 -27.849261 -49.041367 12361 -87.32 6917955.0 692866.0
1139.91 22771.495 -27.848219 -49.041375 12361 -87.021 6918071.0 692868.0
1135.22 22771.485 -27.847167 -49.041383 12361 -86.571 6918187.0 692868.0
1131.3 22771.473 -27.846108 -49.041414 12361 -88.689 6918305.0 692867.0
1127.35 22771.461 -27.845042 -49.041458 12361 -90.925 6918423.0 692865.0
1123.15 22771.448 -27.843969 -49.041508 12361 -93.735 6918542.0 692862.0
1118.7 22771.436 -27.842886 -49.041539 12361 -96.674 6918662.0 692861.0
1115.22 22771.425 -27.841794 -49.041561 12361 -98.2 6918783.0 692861.0
1112.15 22771.414 -27.840697 -49.041581 12361 -99.57 6918904.0 692861.0
1108.79 22771.402 -27.839597 -49.041603 12361 -99.804 6919027.0 692860.0
1105.76 22771.391 -27.838489 -49.041617 12361 -100.38 6919149.0 692861.0
1103.89 22771.38 -27.837381 -49.041628 12361 -100.641 6919272.0 692862.0
1103.43 22771.368 -27.836269 -49.041653 12361 -100.392 6919395.0 692861.0
1102.76 22771.356 -27.835158 -49.041694 12361 -100.018 6919518.0 692859.0
1100.19 22771.343 -27.834044 -49.041742 12361 -100.036 6919642.0 692856.0
1098.25 22771.33 -27.832928 -49.041789 12361 -100.755 6919766.0 692854.0
1097.65 22771.318 -27.831808 -49.041822 12361 -102.337 6919890.0 692853.0
1099.15 22771.306 -27.830689 -49.041847 12361 -103.841 6920014.0 692852.0
1103.2 22771.295 -27.829575 -49.041861 12361 -105.553 6920138.0 692852.0
1110.59 22771.284 -27.828469 -49.041881 12361 -104.137 6920260.0 692853.0
1116.2 22771.272 -27.827369 -49.041906 12361 -103.044 6920382.0 692852.0
1118.14 22771.26 -27.826275 -49.041939 12361 -101.925 6920503.0 692851.0
1118.8 22771.248 -27.825181 -49.041981 12361 -100.335 6920624.0 692849.0
1117.74 22771.236 -27.824086 -49.042017 12361 -99.271 6920746.0 692847.0
1115.65 22771.224 -27.822986 -49.04205 12361 -98.556 6920868.0 692845.0
1113.46 22771.212 -27.821886 -49.042083 12361 -97.633 6920990.0 692844.0
1111.19 22771.201 -27.820781 -49.042108 12361 -96.471 6921112.0 692844.0
1110.21 22771.19 -27.819675 -49.042117 12361 -95.288 6921235.0 692845.0
1110.46 22771.181 -27.818567 -49.042108 12361 -94.091 6921358.0 692848.0
1110.07 22771.171 -27.817461 -49.042097 12361 -93.891 6921480.0 692851.0
1110.04 22771.161 -27.816353 -49.042094 12361 -92.379 6921603.0 692853.0
1111.05 22771.151 -27.815247 -49.042108 12361 -90.279 6921725.0 692853.0
1111.98 22771.139 -27.814142 -49.042139 12361 -88.486 6921848.0 692853.0
1112.32 22771.127 -27.813039 -49.042181 12361 -86.992 6921970.0 692850.0
1113.55 22771.114 -27.811936 -49.042233 12361 -85.216 6922093.0 692847.0
1115.38 22771.101 -27.810833 -49.042292 12361 -83.169 6922215.0 692843.0
1117.08 22771.089 -27.809731 -49.042333 12361 -80.423 6922337.0 692841.0
1118.93 22771.077 -27.808631 -49.042364 12361 -77.822 6922459.0 692840.0
1120.81 22771.066 -27.807531 -49.042389 12361 -75.841 6922581.0 692840.0
1123.57 22771.055 -27.806433 -49.042411 12361 -73.465 6922702.0 692839.0
1127.54 22771.044 -27.805344 -49.042433 12361 -72.34 6922823.0 692839.0
1132.6 22771.034 -27.804258 -49.042447 12361 -69.001 6922944.0 692840.0
1136.95 22771.024 -27.803183 -49.042453 12361 -66.597 6923063.0 692841.0
1140.11 22771.014 -27.802111 -49.042458 12361 -64.893 6923182.0 692842.0
1144.24 22771.003 -27.801044 -49.042478 12361 -62.736 6923300.0 692842.0
1148.17 22770.993 -27.799981 -49.042497 12361 -60.714 6923418.0 692842.0
1151.98 22770.982 -27.798925 -49.042522 12361 -58.515 6923535.0 692842.0
1154.87 22770.971 -27.797869 -49.042556 12361 -57.61 6923652.0 692840.0
1156.87 22770.959 -27.796817 -49.042603 12361 -55.719 6923769.0 692837.0
1158.6 22770.947 -27.795758 -49.042656 12361 -53.5 6923886.0 692834.0
1157.33 22770.935 -27.794697 -49.0427 12361 -52.899 6924003.0 692832.0
1154.8 22770.925 -27.793628 -49.042708 12361 -49.573 6924122.0 692833.0
1150.89 22770.917 -27.792547 -49.042681 12361 -48.594 6924242.0 692837.0
1146.48 22770.91 -27.791456 -49.042639 12361 -48.297 6924362.0 692843.0
1142.29 22770.902 -27.790356 -49.042606 12361 -46.424 6924484.0 692848.0
