ALTURA GPSALT LAT LONG Line MAGIGRF X Y
203.02 638.7 -16.161581 -51.239999 22710 106.402 8213170.33 474342.7
198.78 630.58 -16.160356 -51.239952 22710 130.353 8213305.84 474347.59
195.15 622.29 -16.159128 -51.239913 22710 163.114 8213441.66 474351.59
193.16 614.85 -16.157897 -51.239885 22710 189.022 8213577.78 474354.4
185.3 605.91 -16.156664 -51.239874 22710 210.527 8213714.21 474355.43
180.27 596.65 -16.155428 -51.239885 22710 231.687 8213850.94 474354.08
174.78 589.05 -16.154189 -51.239921 22710 249.92 8213987.98 474350.06
171.01 582.36 -16.15295 -51.239988 22710 260.657 8214125.01 474342.77
104.79 450.65 -16.120947 -51.23571 22720 266.846 8217665.58 474796.05
105.52 447.67 -16.122097 -51.235721 22720 271.958 8217538.37 474795.01
102.42 447.73 -16.12325 -51.235735 22720 292.993 8217410.85 474793.67
97.91 449.27 -16.1244 -51.235755 22720 301.301 8217283.64 474791.74
97.66 452.01 -16.125547 -51.235774 22720 317.6 8217156.73 474789.8
102.78 455.53 -16.126689 -51.235783 22720 306.486 8217030.45 474789.06
107.16 458.05 -16.127828 -51.235774 22720 316.878 8216904.47 474790.09
102.47 459.36 -16.128967 -51.235741 22720 333.883 8216778.49 474793.8
98.33 461.34 -16.130103 -51.235699 22720 347.361 8216652.82 474798.4
97.84 463.41 -16.131239 -51.235655 22720 353.72 8216527.16 474803.3
98.88 465.55 -16.132375 -51.235613 22720 355.818 8216401.49 474807.89
98.15 466.78 -16.133514 -51.235583 22720 357.689 8216275.51 474811.31
97.66 468.53 -16.134653 -51.235563 22720 357.148 8216149.54 474813.53
100.64 471.55 -16.135789 -51.235555 22720 351.711 8216023.87 474814.56
103.88 475.96 -16.136925 -51.23556 22720 317.904 8215898.19 474814.11
107.35 479.25 -16.138059 -51.235599 22720 300.369 8215772.82 474810.1
107.6 482.2 -16.139192 -51.235655 22720 302.217 8215647.45 474804.3
102.75 483.24 -16.140322 -51.23573 22720 310.071 8215522.38 474796.43
102.78 486.11 -16.141453 -51.23581 22720 322.784 8215397.31 474787.96
111.16 493.1 -16.142572 -51.235899 22720 328.397 8215273.47 474778.6
118.45 501.46 -16.143683 -51.235991 22720 324.954 8215150.56 474768.94
123.17 510.05 -16.144783 -51.236085 22720 313.594 8215028.87 474758.98
128.69 519.25 -16.14587 -51.236174 22720 304.6 8214908.71 474749.61
136.22 529.21 -16.146942 -51.236258 22720 297.036 8214790.1 474740.84
143.5 538.8 -16.148003 -51.236335 22720 298.446 8214672.71 474732.66
148.04 546.93 -16.149053 -51.23641 22720 301.11 8214556.55 474724.77
150.7 553.85 -16.150095 -51.236471 22720 301.147 8214441.32 474718.37
153.89 560.23 -16.151128 -51.236499 22720 295.869 8214327.01 474715.54
156.48 567.24 -16.152153 -51.236496 22720 284.868 8214213.63 474715.96
157.61 573.93 -16.153172 -51.236471 22720 272.296 8214100.87 474718.77
163.34 579.7 -16.154189 -51.236416 22720 260.735 8213988.41 474724.83
167.97 585.35 -16.1552 -51.236346 22720 246.015 8213876.58 474732.39
171.01 591.48 -16.156206 -51.236263 22720 226.504 8213765.36 474741.42
175.44 598.23 -16.157206 -51.236171 22720 211.732 8213654.75 474751.35
183.84 605.77 -16.158206 -51.236066 22720 208.064 8213544.15 474762.76
190.12 611.69 -16.159203 -51.235952 22720 208.113 8213433.85 474775.07
195.54 615.53 -16.160203 -51.235835 22720 200.635 8213323.25 474787.66
203.02 621.14 -16.1612 -51.235732 22720 181.294 8213212.95 474798.78
211.68 630.24 -16.162192 -51.235649 22720 160.104 8213103.27 474807.81
220.54 640.66 -16.163181 -51.235591 22720 142.591 8212993.89 474814.18
229.8 650.34 -16.164167 -51.235552 22720 126.482 8212884.81 474818.46
234.49 659.11 -16.16515 -51.235535 22720 114.64 8212776.04 474820.36
227.02 667.76 -16.166128 -51.235544 22720 109.679 8212667.88 474819.6
192.57 677.09 -16.167103 -51.235582 22720 106.627 8212560.03 474815.56
168.57 686.58 -16.168067 -51.235649 22720 100.439 8212453.39 474808.56
155.2 696.24 -16.169028 -51.235744 22720 91.429 8212347.07 474798.58
147.04 704.78 -16.169983 -51.235855 22720 84.542 8212241.35 474786.83
129.42 711.45 -16.170936 -51.235985 22720 76.762 8212135.94 474772.99
125.7 717.24 -16.171889 -51.236121 22720 59.477 8212030.53 474758.56
140.39 721.84 -16.172844 -51.236238 22720 51.181 8211924.82 474746.21
166.98 725.24 -16.173811 -51.236341 22720 52.321 8211817.88 474735.35
186.49 725.02 -16.174786 -51.23643 22720 53.127 8211710.02 474725.97
198.39 722.27 -16.175775 -51.236499 22720 57.888 8211600.62 474718.67
202.02 718.38 -16.176778 -51.236552 22720 67.152 8211489.69 474713.16
157.76 713.24 -16.1778 -51.236574 22720 75.241 8211376.61 474710.92
137.77 705.26 -16.178844 -51.236577 22720 78.604 8211261.08 474710.75
141.48 696.03 -16.179906 -51.236552 22720 89.03 8211143.7 474713.56
161.56 687.7 -16.180986 -51.23651 22720 110.788 8211024.18 474718.15
182.25 682.83 -16.182089 -51.236452 22720 130.199 8210902.2 474724.53
190.12 679.45 -16.183206 -51.236377 22720 137.628 8210778.69 474732.69
177.82 677.15 -16.184333 -51.236299 22720 129.789 8210653.95 474741.14
149.99 675.7 -16.185464 -51.23621 22720 87.336 8210528.9 474750.79
148.99 679.81 -16.186597 -51.236121 22720 39.069 8210403.54 474760.44
161.95 687.7 -16.187722 -51.236032 22720 28.743 8210279.11 474770.08
187.15 697.71 -16.188842 -51.235949 22720 52.803 8210155.29 474779.13
196.8 709.11 -16.189947 -51.235877 22720 90.778 8210033.01 474786.99
173.79 720.55 -16.191039 -51.235821 22720 128.185 8209912.26 474793.07
153.8 731.05 -16.192117 -51.235777 22720 151.09 8209793.04 474797.96
125.33 740.75 -16.193183 -51.235755 22720 136.362 8209675.05 474800.47
111.8 750.95 -16.194242 -51.235755 22720 71.206 8209557.98 474800.6
104.54 760.73 -16.195294 -51.235766 22720 29.046 8209441.53 474799.55
109.7 766.23 -16.196344 -51.235796 22720 13.183 8209325.38 474796.42
113.38 767.79 -16.197403 -51.235835 22720 15.393 8209208.3 474792.39
133.53 765.4 -16.198472 -51.235885 22720 44.871 8209090.0 474787.19
142.22 758.72 -16.199558 -51.235944 22720 99.923 8208969.85 474781.09
102.35 692.9 -16.199453 -51.231288 22730 127.24 8208982.09 475278.68
101.68 701.1 -16.198447 -51.231302 22730 121.688 8209093.32 475277.07
104.97 708.52 -16.197455 -51.23131 22730 129.764 8209203.01 475276.06
105.28 714.31 -16.196464 -51.231307 22730 129.161 8209312.71 475276.23
119.17 715.23 -16.195472 -51.231294 22730 111.865 8209422.41 475277.59
141.03 711.55 -16.194469 -51.231271 22730 97.637 8209533.33 475279.84
154.65 702.2 -16.19345 -51.231246 22730 70.465 8209646.1 475282.39
167.18 688.68 -16.192414 -51.231221 22730 47.755 8209760.72 475284.93
176.24 672.25 -16.19135 -51.231202 22730 33.539 8209878.41 475286.88
180.27 655.5 -16.190261 -51.231194 22730 25.966 8209998.86 475287.63
175.38 639.61 -16.189144 -51.231199 22730 21.017 8210122.38 475286.9
166.98 624.04 -16.188008 -51.23121 22730 10.994 8210248.05 475285.57
148.38 608.68 -16.186853 -51.231224 22730 -2.034 8210375.87 475283.94
130.57 595.05 -16.185678 -51.231246 22730 -2.765 8210505.84 475281.42
116.31 582.73 -16.184489 -51.231274 22730 -2.192 8210637.35 475278.3
117.53 574.78 -16.183286 -51.231299 22730 11.716 8210770.4 475275.48
116.25 569.91 -16.182075 -51.231321 22730 18.905 8210904.36 475272.95
109.46 569.45 -16.180867 -51.231346 22730 34.072 8211038.02 475270.13
117.04 574.88 -16.179669 -51.231382 22730 66.802 8211170.45 475266.12
131.27 582.91 -16.178489 -51.231424 22730 94.009 8211301.04 475261.52
143.25 592.88 -16.177325 -51.231469 22730 99.844 8211429.78 475256.62
148.9 605.27 -16.176183 -51.231502 22730 72.314 8211556.06 475252.92
127.95 618.91 -16.175064 -51.231507 22730 41.713 8211679.89 475252.18
117.25 632.6 -16.173964 -51.231496 22730 23.363 8211801.57 475253.23
124.66 645.28 -16.172883 -51.231463 22730 38.438 8211921.1 475256.66
127.34 655.8 -16.171817 -51.231416 22730 44.834 8212039.1 475261.58
112.71 662.72 -16.170761 -51.231366 22730 49.524 8212155.86 475266.79
119.15 664.94 -16.169706 -51.23131 22730 55.025 8212272.63 475272.6
125.46 661.18 -16.168644 -51.231255 22730 67.952 8212390.02 475278.41
144.17 650.66 -16.167575 -51.231208 22730 93.995 8212508.32 475283.32
170.55 634.81 -16.166481 -51.231163 22730 118.705 8212629.39 475287.94
186.09 616.79 -16.165367 -51.231124 22730 129.713 8212752.61 475291.95
175.84 598.17 -16.164225 -51.231099 22730 142.613 8212878.9 475294.49
165.19 581.07 -16.163058 -51.231096 22730 172.193 8213007.95 475294.64
155.33 565.32 -16.16187 -51.231105 22730 212.825 8213139.46 475293.6
148.5 554.07 -16.160667 -51.231113 22730 254.625 8213272.51 475292.56
141.92 548.32 -16.159458 -51.231121 22730 288.2 8213406.17 475291.52
139.17 544.71 -16.158247 -51.231127 22730 313.028 8213540.14 475290.77
137.52 542.63 -16.157039 -51.231127 22730 323.676 8213673.8 475290.62
136.0 540.86 -16.155828 -51.231124 22730 333.129 8213807.77 475290.77
136.55 541.17 -16.154622 -51.231124 22730 345.999 8213941.12 475290.62
138.72 543.82 -16.15342 -51.231121 22730 348.347 8214074.17 475290.76
144.47 549.21 -16.152231 -51.231121 22730 339.013 8214205.68 475290.62
152.58 554.3 -16.151045 -51.231119 22730 335.126 8214336.89 475290.77
152.95 553.27 -16.149867 -51.23111 22730 340.698 8214467.17 475291.51
149.99 546.96 -16.148683 -51.231094 22730 342.369 8214598.07 475293.15
145.51 539.38 -16.147492 -51.231074 22730 334.111 8214729.89 475295.08
140.09 531.31 -16.146297 -51.231052 22730 325.435 8214862.02 475297.3
139.9 523.09 -16.145095 -51.231027 22730 331.215 8214995.07 475299.83
142.31 514.45 -16.143889 -51.230999 22730 333.784 8215128.42 475302.65
138.2 506.26 -16.142672 -51.230977 22730 335.001 8215263.01 475304.87
130.79 499.55 -16.141447 -51.230974 22730 350.036 8215398.52 475305.02
122.47 492.75 -16.140217 -51.230985 22730 378.094 8215534.63 475303.68
114.87 487.03 -16.138984 -51.231002 22730 391.041 8215671.06 475301.74
111.31 482.51 -16.13775 -51.231024 22730 400.653 8215807.48 475299.21
111.56 479.7 -16.13652 -51.231046 22730 394.843 8215943.6 475296.68
112.84 477.63 -16.135295 -51.231074 22730 396.81 8216079.1 475293.56
112.38 474.72 -16.134072 -51.231099 22730 404.065 8216214.3 475290.74
110.83 470.9 -16.132853 -51.231116 22730 402.759 8216349.19 475288.8
106.77 467.54 -16.131631 -51.231124 22730 381.679 8216484.38 475287.76
104.3 464.25 -16.130411 -51.231119 22730 377.716 8216619.27 475288.2
103.18 460.58 -16.129195 -51.231096 22730 378.001 8216753.86 475290.43
100.7 457.25 -16.127984 -51.231046 22730 382.603 8216887.83 475295.62
98.48 454.53 -16.126778 -51.230974 22730 369.123 8217021.2 475303.2
107.17 452.65 -16.125578 -51.230885 22730 352.3 8217153.95 475312.55
102.17 447.58 -16.124378 -51.230797 22730 324.501 8217286.7 475321.91
97.96 443.28 -16.123175 -51.230741 22730 314.443 8217419.75 475327.7
95.83 442.7 -16.12197 -51.23073 22730 314.392 8217553.11 475328.74
98.03 442.85 -16.120764 -51.230755 22730 290.849 8217686.46 475325.91
109.18 464.88 -16.120422 -51.226522 22740 328.386 8217724.75 475778.53
106.68 466.01 -16.121506 -51.226505 22740 342.79 8217604.92 475780.45
103.14 468.39 -16.122592 -51.226477 22740 357.3 8217484.78 475783.55
109.24 471.84 -16.123672 -51.226449 22740 374.792 8217365.26 475786.65
116.61 475.94 -16.124747 -51.226427 22740 395.442 8217246.35 475789.16
123.01 479.93 -16.12582 -51.226402 22740 428.325 8217127.75 475791.96
122.01 482.69 -16.126886 -51.226372 22740 433.806 8217009.76 475795.36
118.39 483.82 -16.127953 -51.226347 22740 416.426 8216891.77 475798.16
116.13 484.2 -16.129017 -51.226327 22740 420.582 8216774.09 475800.37
118.75 484.7 -16.130084 -51.226322 22740 433.575 8216656.1 475801.09
124.3 485.74 -16.131147 -51.226333 22740 449.694 8216538.42 475800.03
126.8 487.19 -16.132214 -51.226372 22740 450.782 8216420.42 475796.0
131.46 488.45 -16.133284 -51.226424 22740 454.466 8216302.12 475790.49
130.69 490.09 -16.134353 -51.226463 22740 455.841 8216183.81 475786.46
132.31 492.53 -16.135422 -51.22648 22740 465.78 8216065.51 475784.81
132.35 493.08 -16.136495 -51.226491 22740 468.26 8215946.91 475783.75
125.42 489.49 -16.137572 -51.226494 22740 456.358 8215827.69 475783.59
114.97 485.87 -16.138653 -51.226494 22740 448.728 8215708.16 475783.72
106.98 482.76 -16.139739 -51.226494 22740 435.768 8215588.02 475783.85
104.36 481.72 -16.140828 -51.226488 22740 413.737 8215467.57 475784.58
107.66 483.58 -16.141917 -51.226458 22740 380.945 8215347.12 475787.98
108.94 486.31 -16.143 -51.226416 22740 356.434 8215227.29 475792.57
109.3 489.42 -16.144083 -51.226366 22740 340.566 8215107.47 475798.04
114.3 491.46 -16.145164 -51.226324 22740 343.442 8214987.94 475802.63
120.12 494.65 -16.146239 -51.226305 22740 359.912 8214869.03 475804.84
124.54 498.98 -16.147308 -51.226302 22740 380.448 8214750.74 475805.27
126.55 503.71 -16.148381 -51.22631 22740 402.361 8214632.13 475804.51
128.2 509.49 -16.149445 -51.226316 22740 426.464 8214514.44 475804.04
135.21 518.41 -16.1505 -51.226313 22740 451.197 8214397.68 475804.47
138.75 527.9 -16.15155 -51.226308 22740 477.35 8214281.54 475805.19
136.79 536.75 -16.152589 -51.226305 22740 500.348 8214166.62 475805.61
124.79 543.16 -16.153622 -51.226313 22740 505.873 8214052.31 475804.85
110.58 547.03 -16.154656 -51.226324 22740 489.849 8213938.01 475803.79
102.59 550.32 -16.155681 -51.226333 22740 465.544 8213824.63 475803.02
116.25 552.91 -16.156706 -51.226344 22740 451.82 8213711.24 475801.96
123.93 557.31 -16.15772 -51.226349 22740 459.513 8213599.09 475801.49
140.14 561.42 -16.158731 -51.226355 22740 445.846 8213487.24 475801.02
147.46 563.42 -16.159739 -51.22636 22740 425.133 8213375.7 475800.54
150.24 564.39 -16.160744 -51.226366 22740 378.823 8213264.47 475800.07
146.79 567.19 -16.161747 -51.226371 22740 323.483 8213153.55 475799.6
149.66 573.36 -16.162744 -51.226371 22740 267.048 8213043.24 475799.72
145.94 580.82 -16.163733 -51.226374 22740 200.227 8212933.85 475799.55
127.31 589.49 -16.164711 -51.226377 22740 156.279 8212825.69 475799.37
122.65 600.23 -16.165672 -51.22638 22740 130.905 8212719.38 475799.19
126.28 612.93 -16.166619 -51.226385 22740 111.913 8212614.6 475798.71
119.18 623.96 -16.167558 -51.226402 22740 82.114 8212510.74 475797.04
107.41 629.77 -16.168494 -51.226419 22740 50.354 8212407.19 475795.38
105.28 631.98 -16.169431 -51.226441 22740 28.804 8212303.63 475793.11
125.67 632.4 -16.170372 -51.226463 22740 24.492 8212199.47 475790.85
152.52 631.43 -16.171317 -51.226494 22740 25.009 8212094.99 475787.7
173.66 627.79 -16.172272 -51.226524 22740 17.13 8211989.29 475784.55
183.91 619.73 -16.173242 -51.22656 22740 9.137 8211882.05 475780.81
178.22 606.8 -16.174236 -51.226585 22740 15.719 8211772.04 475778.26
164.53 591.96 -16.175256 -51.226596 22740 30.583 8211659.27 475777.2
150.48 577.78 -16.1763 -51.226585 22740 33.124 8211543.74 475778.51
132.47 565.27 -16.177364 -51.226555 22740 20.371 8211426.06 475781.91
117.17 555.48 -16.178444 -51.226521 22740 -4.067 8211306.54 475785.6
109.05 549.18 -16.179542 -51.226491 22740 -37.596 8211185.17 475789.0
113.6 546.18 -16.180642 -51.226463 22740 -44.128 8211063.49 475792.11
115.76 543.9 -16.181747 -51.226435 22740 -40.408 8210941.2 475795.21
105.95 542.54 -16.18285 -51.22641 22740 -42.778 8210819.22 475798.02
107.29 544.1 -16.18395 -51.226394 22740 -36.462 8210697.54 475799.93
108.93 547.74 -16.185042 -51.226394 22740 -56.195 8210576.79 475800.07
117.71 554.82 -16.186122 -51.226388 22740 -69.33 8210457.26 475800.79
131.98 564.12 -16.187186 -51.226383 22740 -56.651 8210339.58 475801.52
135.82 573.88 -16.188239 -51.226377 22740 -34.421 8210223.12 475802.24
138.69 586.37 -16.189269 -51.226371 22740 -21.737 8210109.13 475802.96
141.55 600.85 -16.190283 -51.226363 22740 -6.599 8209996.97 475803.97
134.26 614.63 -16.191278 -51.226357 22740 30.572 8209886.97 475804.69
123.87 627.06 -16.192255 -51.226355 22740 67.058 8209778.81 475805.11
110.7 637.47 -16.193222 -51.226363 22740 97.109 8209671.88 475804.33
88.15 647.51 -16.194175 -51.226371 22740 120.449 8209566.49 475803.56
89.31 657.43 -16.195117 -51.226382 22740 138.836 8209462.32 475802.49
109.54 666.02 -16.19605 -51.226396 22740 142.994 8209359.08 475801.12
148.59 670.81 -16.196983 -51.226413 22740 138.403 8209255.83 475799.45
166.98 670.22 -16.197919 -51.226438 22740 130.918 8209152.28 475796.89
155.85 663.07 -16.198869 -51.22648 22740 124.511 8209047.19 475792.55
143.08 653.13 -16.199836 -51.226524 22740 114.039 8208940.26 475787.92
151.49 605.8 -16.199028 -51.222116 22750 95.302 8209030.19 476259.01
143.26 619.24 -16.197914 -51.222152 22750 99.615 8209153.4 476255.01
121.31 631.4 -16.196822 -51.222185 22750 110.572 8209274.15 476251.32
110.34 640.64 -16.195744 -51.222208 22750 120.73 8209393.37 476248.82
108.36 644.61 -16.194678 -51.222213 22750 107.795 8209511.36 476248.09
110.03 644.29 -16.193608 -51.222216 22750 87.17 8209629.66 476247.67
133.05 638.47 -16.192536 -51.22221 22750 58.905 8209748.26 476248.13
148.13 629.14 -16.191453 -51.222196 22750 22.6 8209868.1 476249.49
152.7 615.87 -16.19035 -51.222174 22750 -14.455 8209990.09 476251.73
148.13 600.37 -16.189228 -51.222146 22750 -46.092 8210114.23 476254.57
141.58 582.69 -16.18808 -51.222108 22750 -66.863 8210241.14 476258.59
133.81 567.54 -16.186911 -51.222052 22750 -82.655 8210370.5 476264.38
131.21 558.91 -16.185728 -51.221963 22750 -116.541 8210501.41 476273.74
129.24 551.17 -16.184539 -51.221858 22750 -122.721 8210632.93 476284.89
129.23 542.04 -16.183344 -51.221749 22750 -127.778 8210765.07 476296.32
128.32 531.71 -16.182139 -51.221652 22750 -141.51 8210898.44 476306.57
106.53 522.03 -16.180922 -51.221588 22750 -165.005 8211033.03 476313.26
95.71 518.08 -16.179703 -51.221549 22750 -210.25 8211167.92 476317.27
99.52 522.23 -16.178486 -51.221535 22750 -208.66 8211302.51 476318.61
116.43 532.19 -16.177286 -51.221552 22750 -189.227 8211435.25 476316.68
131.07 545.05 -16.176114 -51.221594 22750 -175.115 8211564.91 476312.09
142.95 557.87 -16.174961 -51.221641 22750 -140.756 8211692.42 476306.9
153.47 568.88 -16.173828 -51.221691 22750 -117.942 8211817.78 476301.42
157.58 579.95 -16.172717 -51.221721 22750 -112.166 8211940.69 476298.02
154.23 591.95 -16.171628 -51.221721 22750 -94.03 8212061.13 476297.89
134.42 604.37 -16.170556 -51.221724 22750 -64.391 8212179.74 476297.47
128.17 617.19 -16.169508 -51.221738 22750 -23.392 8212295.58 476295.86
130.15 629.12 -16.168478 -51.221755 22750 27.831 8212409.57 476293.95
130.31 638.22 -16.167461 -51.22178 22750 86.438 8212522.03 476291.16
121.01 643.36 -16.166447 -51.221808 22750 144.558 8212634.18 476288.07
109.57 642.72 -16.165436 -51.221841 22750 199.858 8212746.02 476284.38
103.63 639.09 -16.164417 -51.22188 22750 262.457 8212858.79 476280.1
108.66 634.35 -16.163392 -51.221919 22750 337.516 8212972.16 476275.82
151.79 631.44 -16.162358 -51.221963 22750 434.431 8213086.46 476270.95
175.58 627.65 -16.161319 -51.222005 22750 516.991 8213201.38 476266.37
184.7 622.71 -16.160272 -51.222027 22750 572.431 8213317.21 476263.87
177.63 617.09 -16.159208 -51.222024 22750 607.614 8213434.9 476264.04
157.58 611.16 -16.158133 -51.222005 22750 630.028 8213553.81 476265.99
146.61 605.44 -16.15705 -51.221974 22750 646.784 8213673.65 476269.13
142.34 601.43 -16.155953 -51.221935 22750 651.374 8213795.03 476273.15
140.37 596.91 -16.154847 -51.221891 22750 639.222 8213917.32 476277.77
138.38 592.87 -16.153733 -51.221841 22750 634.915 8214040.54 476282.99
148.74 590.22 -16.152614 -51.221797 22750 641.991 8214164.38 476287.6
157.89 589.75 -16.151492 -51.221763 22750 624.055 8214288.52 476291.03
173.59 589.79 -16.150372 -51.221741 22750 595.672 8214412.35 476293.28
176.63 587.42 -16.149253 -51.221722 22750 556.859 8214536.18 476295.22
172.6 582.64 -16.148131 -51.221702 22750 510.965 8214660.32 476297.17
166.58 580.46 -16.147 -51.221697 22750 448.47 8214785.38 476297.62
168.57 577.62 -16.145864 -51.221691 22750 364.986 8214911.05 476298.08
166.58 573.35 -16.144725 -51.221683 22750 288.75 8215037.03 476298.84
156.37 568.62 -16.143581 -51.221669 22750 300.311 8215163.63 476300.19
153.31 564.82 -16.142431 -51.221649 22750 429.84 8215290.84 476302.13
147.06 559.36 -16.141275 -51.221627 22750 591.554 8215418.67 476304.37
128.02 553.32 -16.140114 -51.22161 22750 811.57 8215547.11 476306.01
133.51 547.69 -16.138947 -51.221602 22750 909.157 8215676.16 476306.76
136.55 544.03 -16.137772 -51.221602 22750 850.053 8215806.13 476306.62
143.41 545.06 -16.136597 -51.221608 22750 738.511 8215936.11 476305.89
147.22 547.22 -16.135431 -51.221608 22750 643.603 8216065.16 476305.75
143.25 550.32 -16.134275 -51.221597 22750 570.818 8216192.98 476306.8
131.67 553.25 -16.133125 -51.221572 22750 507.722 8216320.2 476309.34
107.9 549.58 -16.131981 -51.221544 22750 462.48 8216446.79 476312.17
108.81 542.5 -16.130828 -51.221519 22750 461.259 8216574.31 476314.7
124.06 534.79 -16.129667 -51.221499 22750 477.119 8216702.75 476316.65
131.98 525.96 -16.128495 -51.221499 22750 472.708 8216832.42 476316.51
124.66 515.96 -16.127314 -51.221527 22750 445.427 8216963.0 476313.4
116.13 507.3 -16.126122 -51.221574 22750 433.988 8217094.82 476308.2
116.59 501.49 -16.124925 -51.221635 22750 425.22 8217227.24 476301.53
117.96 499.67 -16.123725 -51.221699 22750 411.541 8217359.97 476294.55
115.52 498.19 -16.122522 -51.221749 22750 382.774 8217493.02 476289.06
111.25 494.29 -16.121322 -51.221799 22750 363.426 8217625.75 476283.57
111.71 492.58 -16.12012 -51.221852 22750 357.96 8217758.79 476277.79
114.18 484.37 -16.120947 -51.216766 22760 354.6 8217667.8 476821.73
110.61 489.35 -16.121995 -51.216738 22760 347.132 8217551.97 476824.82
112.9 495.17 -16.123034 -51.216716 22760 355.625 8217437.05 476827.32
112.17 503.19 -16.124064 -51.216699 22760 378.986 8217323.06 476829.22
112.23 512.79 -16.125078 -51.216702 22760 391.56 8217210.9 476829.04
112.78 524.63 -16.126078 -51.216713 22760 409.876 8217100.29 476827.97
109.79 535.64 -16.127064 -51.21673 22760 434.28 8216991.2 476826.3
111.62 544.24 -16.128039 -51.216747 22760 452.301 8216883.35 476824.64
105.46 552.45 -16.129 -51.216766 22760 469.958 8216777.04 476822.67
103.45 559.75 -16.129956 -51.216783 22760 478.915 8216671.33 476821.0
103.14 565.67 -16.130906 -51.216797 22760 486.699 8216566.25 476819.62
105.43 571.88 -16.13185 -51.21681 22760 501.203 8216461.77 476818.25
102.41 577.72 -16.132792 -51.216835 22760 521.764 8216357.61 476815.68
102.78 583.18 -16.133728 -51.216863 22760 553.903 8216254.05 476812.82
114.42 587.09 -16.134661 -51.216902 22760 600.611 8216150.81 476808.77
123.57 589.99 -16.135595 -51.216949 22760 649.97 8216047.56 476803.83
136.18 591.1 -16.136533 -51.217002 22760 699.237 8215943.7 476798.3
149.54 587.91 -16.137481 -51.217052 22760 760.593 8215838.92 476793.07
152.64 583.65 -16.138439 -51.217077 22760 797.661 8215732.9 476790.5
156.3 577.9 -16.139414 -51.21708 22760 765.314 8215625.05 476790.32
154.9 572.45 -16.140403 -51.217047 22760 674.742 8215515.67 476794.0
151.88 568.59 -16.141403 -51.216991 22760 534.936 8215405.06 476800.06
148.93 567.15 -16.142411 -51.216913 22760 398.079 8215293.53 476808.49
141.98 568.23 -16.143422 -51.216827 22760 296.489 8215181.69 476817.82
139.78 571.12 -16.144439 -51.216741 22760 317.81 8215069.24 476827.14
131.91 570.55 -16.145458 -51.216663 22760 401.282 8214956.49 476835.57
119.97 568.57 -16.146483 -51.216599 22760 534.307 8214843.11 476842.52
120.34 567.63 -16.14752 -51.216566 22760 645.458 8214728.5 476846.21
123.75 567.59 -16.148561 -51.216566 22760 729.436 8214613.28 476846.33
116.25 567.82 -16.149603 -51.216591 22760 797.964 8214498.05 476843.78
96.92 568.31 -16.150642 -51.21663 22760 848.383 8214383.13 476839.74
92.35 571.65 -16.151678 -51.216697 22760 895.089 8214268.51 476832.74
95.22 574.84 -16.152706 -51.216783 22760 915.887 8214154.81 476823.65
105.92 575.71 -16.153731 -51.216872 22760 945.054 8214041.42 476814.27
136.43 575.09 -16.154756 -51.216955 22760 982.186 8213928.03 476805.48
147.77 574.85 -16.155781 -51.217016 22760 1013.355 8213814.64 476799.06
145.51 572.88 -16.156817 -51.217055 22760 1033.873 8213700.02 476795.03
144.14 569.45 -16.157858 -51.21708 22760 1055.389 8213584.79 476792.48
150.45 568.01 -16.158906 -51.21708 22760 1065.881 8213468.95 476792.6
155.94 572.38 -16.159947 -51.217052 22760 1061.945 8213353.73 476795.69
149.66 581.92 -16.160969 -51.21701 22760 1025.489 8213240.66 476800.26
137.13 593.77 -16.161975 -51.216969 22760 958.632 8213129.44 476804.84
100.77 605.82 -16.162964 -51.216941 22760 853.174 8213020.05 476807.92
76.17 615.74 -16.163939 -51.216927 22760 702.49 8212912.2 476809.52
95.53 622.59 -16.164906 -51.216919 22760 566.669 8212805.27 476810.52
116.83 626.22 -16.165869 -51.216913 22760 450.582 8212698.65 476811.23
122.71 625.73 -16.166836 -51.216922 22760 316.821 8212591.72 476810.45
111.74 620.4 -16.167814 -51.216941 22760 165.078 8212483.56 476808.49
108.75 610.91 -16.168808 -51.216969 22760 7.954 8212373.56 476805.63
117.53 600.13 -16.169825 -51.217005 22760 -137.802 8212261.09 476801.89
124.78 589.79 -16.170861 -51.217047 22760 -264.929 8212146.47 476797.56
129.54 579.57 -16.171919 -51.217085 22760 -354.074 8212029.4 476793.53
139.11 569.84 -16.172997 -51.217113 22760 -400.645 8211910.18 476790.68
146.89 559.53 -16.174092 -51.217141 22760 -417.285 8211789.11 476787.84
144.23 547.92 -16.1752 -51.217158 22760 -424.47 8211666.51 476786.19
141.03 538.28 -16.176319 -51.21716 22760 -431.321 8211542.68 476786.02
130.7 531.03 -16.17745 -51.217146 22760 -404.138 8211417.62 476787.64
121.28 525.05 -16.178583 -51.217124 22760 -362.376 8211292.26 476790.15
116.19 519.47 -16.179725 -51.217102 22760 -337.068 8211165.97 476792.66
117.66 516.28 -16.180867 -51.217077 22760 -308.678 8211039.69 476795.46
121.19 516.78 -16.182005 -51.217058 22760 -256.586 8210913.71 476797.68
117.07 517.57 -16.183139 -51.217041 22760 -228.119 8210788.35 476799.59
113.39 520.24 -16.184264 -51.21703 22760 -193.508 8210663.9 476800.91
116.41 528.83 -16.185378 -51.217033 22760 -151.089 8210540.69 476800.74
118.14 539.38 -16.186472 -51.217049 22760 -121.252 8210419.62 476799.09
120.33 549.28 -16.187553 -51.217077 22760 -95.183 8210300.09 476796.25
147.4 558.24 -16.188622 -51.21711 22760 -68.929 8210181.79 476792.81
163.54 567.55 -16.18968 -51.217144 22760 -42.32 8210064.72 476789.37
174.19 577.08 -16.190725 -51.217163 22760 -19.534 8209949.18 476787.41
180.27 586.11 -16.191755 -51.217174 22760 7.771 8209835.18 476786.35
173.39 595.6 -16.192775 -51.217163 22760 45.487 8209722.42 476787.65
154.2 604.57 -16.193778 -51.217138 22760 84.562 8209611.5 476790.44
127.41 611.87 -16.194772 -51.217105 22760 106.38 8209501.5 476794.12
100.7 618.32 -16.195758 -51.217069 22760 117.008 8209392.42 476798.1
99.24 621.4 -16.196744 -51.217041 22760 126.268 8209283.34 476801.18
114.88 621.92 -16.197736 -51.217021 22760 117.976 8209173.65 476803.38
135.82 613.04 -16.198742 -51.21701 22760 103.771 8209062.42 476804.68
144.05 597.19 -16.199761 -51.217008 22760 101.4 8208949.65 476805.1
195.61 608.44 -16.199117 -51.212385 22770 128.668 8209021.46 477299.07
147.83 606.83 -16.197928 -51.212338 22770 121.406 8209152.97 477303.98
125.52 605.14 -16.196736 -51.212299 22770 121.594 8209284.8 477308.0
155.02 602.04 -16.195547 -51.212269 22770 117.987 8209416.31 477311.13
187.94 596.77 -16.194355 -51.212255 22770 92.037 8209548.13 477312.48
189.92 588.37 -16.193164 -51.212249 22770 55.183 8209679.95 477312.94
188.73 578.88 -16.191964 -51.212249 22770 18.434 8209812.69 477312.8
186.68 568.86 -16.190758 -51.212249 22770 -14.388 8209946.04 477312.66
179.41 558.64 -16.189544 -51.212255 22770 -44.614 8210080.32 477311.93
166.98 549.92 -16.188322 -51.212263 22770 -75.925 8210215.52 477310.9
156.05 543.23 -16.187097 -51.212266 22770 -112.123 8210351.02 477310.46
147.46 539.94 -16.185872 -51.212272 22770 -160.186 8210486.53 477309.73
144.63 539.87 -16.184647 -51.212288 22770 -207.621 8210622.03 477307.81
145.51 540.41 -16.183425 -51.21231 22770 -249.857 8210757.23 477305.29
151.91 539.27 -16.182211 -51.212335 22770 -309.041 8210891.5 477302.48
157.21 537.41 -16.181003 -51.212358 22770 -386.135 8211025.16 477299.96
156.48 533.37 -16.1798 -51.212383 22770 -475.437 8211158.21 477297.15
148.32 527.7 -16.178597 -51.212405 22770 -574.022 8211291.25 477294.64
141.19 523.24 -16.177394 -51.212413 22770 -700.791 8211424.3 477293.61
133.44 520.14 -16.176197 -51.212399 22770 -861.269 8211556.73 477294.96
125.21 517.89 -16.175003 -51.212363 22770 -1048.006 8211688.86 477298.68
115.76 516.04 -16.173811 -51.212313 22770 -1228.209 8211820.68 477303.89
109.18 515.22 -16.172625 -51.212255 22770 -1363.423 8211951.89 477309.99
111.19 516.13 -16.171444 -51.212194 22770 -1279.309 8212082.49 477316.39
120.06 523.22 -16.170278 -51.21216 22770 -788.053 8212211.55 477319.82
122.65 534.49 -16.169133 -51.212158 22770 -147.717 8212338.14 477319.99
123.2 544.56 -16.168006 -51.212163 22770 495.963 8212462.89 477319.26
119.48 554.57 -16.166897 -51.212177 22770 1129.981 8212585.49 477317.65
120.31 564.43 -16.165808 -51.212208 22770 1643.785 8212705.94 477314.26
106.38 571.85 -16.164731 -51.212249 22770 1894.987 8212825.15 477309.68
93.76 576.3 -16.163661 -51.212299 22770 2053.176 8212943.45 477304.22
131.67 575.56 -16.162594 -51.212355 22770 2116.93 8213061.43 477298.16
156.09 567.84 -16.161519 -51.212408 22770 2044.72 8213180.34 477292.39
156.67 554.39 -16.160425 -51.212455 22770 1979.887 8213301.4 477287.22
146.06 537.07 -16.159317 -51.212494 22770 1944.603 8213423.99 477282.93
132.65 518.76 -16.158181 -51.212513 22770 1907.549 8213549.66 477280.72
121.4 507.45 -16.157025 -51.212497 22770 1808.295 8213677.49 477282.37
110.03 503.65 -16.155864 -51.212447 22770 1676.991 8213805.93 477287.59
105.64 504.83 -16.154703 -51.212377 22770 1561.407 8213934.38 477294.88
103.94 510.22 -16.153556 -51.212291 22770 1431.373 8214061.29 477303.95
90.22 514.85 -16.15242 -51.212205 22770 1303.577 8214186.97 477313.03
104.85 515.17 -16.151286 -51.212122 22770 1231.64 8214312.34 477321.81
116.92 513.8 -16.150156 -51.212044 22770 1120.774 8214437.41 477329.99
121.86 511.63 -16.149022 -51.211969 22770 1023.326 8214562.78 477337.88
128.72 510.19 -16.147892 -51.211897 22770 932.514 8214687.85 477345.48
134.05 510.06 -16.146758 -51.211827 22770 849.508 8214813.22 477352.77
136.98 509.92 -16.145625 -51.211766 22770 780.565 8214938.6 477359.18
133.75 506.96 -16.144492 -51.21171 22770 719.424 8215063.97 477364.99
128.35 503.11 -16.143356 -51.211699 22770 659.743 8215189.64 477366.04
122.35 499.31 -16.142217 -51.211749 22770 609.882 8215315.61 477360.57
121.62 495.58 -16.141078 -51.211822 22770 586.682 8215441.59 477352.72
121.68 491.98 -16.139933 -51.211905 22770 587.75 8215568.17 477343.68
108.5 486.77 -16.138783 -51.211986 22770 600.216 8215695.37 477334.93
101.87 482.46 -16.137628 -51.212063 22770 615.038 8215823.19 477326.49
96.19 480.54 -16.136472 -51.212147 22770 615.127 8215951.0 477317.44
102.84 484.57 -16.135325 -51.212241 22770 599.079 8216077.89 477307.22
103.29 486.73 -16.134183 -51.212338 22770 572.522 8216204.17 477296.69
103.33 488.43 -16.133053 -51.212447 22770 548.911 8216329.21 477284.98
105.16 488.9 -16.131925 -51.212561 22770 516.992 8216453.95 477272.67
110.09 486.77 -16.130797 -51.212655 22770 508.458 8216578.69 477262.45
112.47 486.27 -16.12967 -51.212716 22770 508.278 8216703.44 477255.78
112.23 486.11 -16.128545 -51.212738 22770 469.783 8216827.88 477253.28
109.66 486.54 -16.127417 -51.212733 22770 447.17 8216952.63 477253.74
107.23 485.88 -16.126295 -51.212708 22770 424.405 8217076.77 477256.29
104.67 486.0 -16.125172 -51.212663 22770 401.314 8217200.91 477260.91
105.04 487.28 -16.124053 -51.212602 22770 372.148 8217324.74 477267.32
105.4 488.99 -16.122942 -51.21253 22770 342.429 8217447.66 477274.91
107.23 491.16 -16.121834 -51.212447 22770 341.898 8217570.27 477283.7
111.8 494.0 -16.120736 -51.212349 22770 333.384 8217691.65 477293.97
98.08 476.49 -16.120334 -51.207491 22780 310.083 8217736.73 477813.41
101.71 474.96 -16.121345 -51.207494 22780 325.77 8217624.89 477813.23
104.98 474.37 -16.122359 -51.207502 22780 337.796 8217512.73 477812.45
102.71 473.21 -16.123378 -51.207516 22780 349.371 8217399.96 477811.08
98.88 472.16 -16.124395 -51.207536 22780 356.951 8217287.5 477809.11
97.26 471.07 -16.125414 -51.207566 22780 367.649 8217174.73 477805.96
98.08 470.43 -16.126431 -51.207602 22780 372.947 8217062.27 477802.21
101.99 470.04 -16.127445 -51.207641 22780 375.323 8216950.11 477798.17
105.28 469.39 -16.128464 -51.207677 22780 417.924 8216837.34 477794.42
109.24 469.12 -16.129478 -51.207708 22780 446.272 8216725.18 477791.26
117.71 469.18 -16.130495 -51.207736 22780 463.463 8216612.72 477788.41
122.01 469.03 -16.131514 -51.207755 22780 480.693 8216499.95 477786.44
118.63 468.29 -16.132533 -51.207766 22780 501.629 8216387.18 477785.37
115.91 466.02 -16.133558 -51.207772 22780 536.357 8216273.8 477784.89
106.01 462.85 -16.134592 -51.207766 22780 578.756 8216159.5 477785.6
98.05 459.82 -16.135631 -51.207763 22780 619.782 8216044.58 477786.01
95.46 459.35 -16.13667 -51.207752 22780 634.866 8215929.66 477787.32
98.94 461.52 -16.137711 -51.207738 22780 658.174 8215814.44 477788.92
106.31 464.56 -16.13875 -51.207727 22780 689.876 8215699.52 477790.22
106.31 467.19 -16.139783 -51.207713 22780 705.254 8215585.22 477791.82
102.78 469.82 -16.140817 -51.207694 22780 709.69 8215470.92 477794.02
100.4 472.11 -16.141845 -51.207672 22780 725.139 8215357.23 477796.51
99.0 473.4 -16.142875 -51.207641 22780 751.735 8215243.24 477799.89
97.87 473.88 -16.143906 -51.207611 22780 803.506 8215129.25 477803.27
97.23 474.32 -16.144936 -51.207577 22780 865.477 8215015.25 477806.95
103.09 477.5 -16.145958 -51.207552 22780 945.286 8214902.18 477809.74
101.74 480.84 -16.146978 -51.207544 22780 1029.365 8214789.42 477810.74
98.21 483.72 -16.147992 -51.207555 22780 1134.684 8214677.26 477809.67
95.95 486.54 -16.148997 -51.207577 22780 1238.251 8214566.03 477807.4
94.49 489.23 -16.15 -51.207622 22780 1352.56 8214455.1 477802.76
95.47 492.15 -16.150997 -51.207674 22780 1486.348 8214344.79 477797.23
99.43 496.26 -16.151989 -51.207722 22780 1620.423 8214235.09 477792.29
106.31 500.21 -16.152975 -51.207758 22780 1760.481 8214126.0 477788.54
112.44 502.19 -16.153958 -51.207783 22780 1914.015 8214017.23 477785.98
117.65 501.56 -16.154947 -51.207802 22780 2094.916 8213907.84 477784.01
123.26 500.32 -16.155939 -51.207816 22780 2341.129 8213798.14 477782.64
121.37 499.29 -16.156933 -51.207835 22780 2656.551 8213688.14 477780.67
112.01 495.16 -16.157933 -51.207852 22780 2972.288 8213577.52 477779.0
103.51 491.27 -16.158939 -51.207866 22780 3199.066 8213466.29 477777.63
91.19 492.04 -16.159944 -51.207872 22780 3397.608 8213355.05 477777.15
76.75 494.88 -16.160947 -51.20786 22780 3545.75 8213244.13 477778.45
91.71 499.08 -16.161942 -51.207852 22780 4048.473 8213134.13 477779.45
99.06 507.45 -16.162925 -51.207841 22780 4288.469 8213025.36 477780.75
103.91 514.73 -16.163897 -51.207827 22780 3748.903 8212917.82 477782.34
104.06 518.08 -16.164867 -51.20781 22780 2512.101 8212810.58 477784.23
103.24 518.86 -16.165839 -51.207788 22780 1140.224 8212703.04 477786.72
103.51 518.87 -16.166814 -51.207763 22780 223.557 8212595.19 477789.5
105.4 519.18 -16.167792 -51.207741 22780 -124.761 8212487.04 477791.98
107.66 519.27 -16.168772 -51.207727 22780 -328.596 8212378.57 477793.58
110.52 518.47 -16.169756 -51.207722 22780 -702.099 8212269.8 477794.28
111.93 517.05 -16.170744 -51.207724 22780 -1339.21 8212160.41 477794.1
114.64 515.78 -16.171736 -51.20773 22780 -2174.896 8212050.72 477793.61
117.59 514.8 -16.172733 -51.207738 22780 -2664.89 8211940.41 477792.83
121.62 513.55 -16.173739 -51.207738 22780 -2618.48 8211829.17 477792.95
127.89 513.45 -16.174747 -51.207735 22780 -2116.55 8211717.64 477793.36
131.09 514.29 -16.175758 -51.207727 22780 -1501.411 8211605.79 477794.36
132.59 514.55 -16.176775 -51.207713 22780 -1201.661 8211493.33 477795.96
132.34 514.26 -16.177794 -51.207697 22780 -966.071 8211380.57 477797.85
133.5 513.8 -16.178822 -51.207683 22780 -740.452 8211266.88 477799.45
137.16 513.29 -16.179858 -51.207674 22780 -581.779 8211152.27 477800.46
134.72 509.43 -16.1809 -51.207672 22780 -466.58 8211037.04 477800.87
133.29 504.27 -16.181953 -51.207674 22780 -379.827 8210920.59 477800.7
132.77 499.21 -16.183019 -51.20768 22780 -309.321 8210802.6 477800.22
121.8 493.51 -16.184097 -51.207691 22780 -246.253 8210683.37 477799.15
112.9 489.02 -16.185186 -51.20771 22780 -188.057 8210562.92 477797.2
112.08 488.86 -16.18628 -51.207738 22780 -132.003 8210441.86 477794.35
123.02 491.28 -16.187375 -51.207774 22780 -82.124 8210320.79 477790.61
126.74 493.8 -16.188467 -51.207813 22780 -49.421 8210200.03 477786.58
123.5 498.62 -16.189555 -51.207847 22780 -30.966 8210079.57 477783.14
126.95 508.13 -16.19063 -51.207874 22780 -8.683 8209960.66 477780.29
134.78 519.84 -16.191692 -51.207885 22780 26.286 8209843.28 477779.22
144.5 532.08 -16.192733 -51.207894 22780 53.977 8209728.05 477778.45
151.79 543.29 -16.193764 -51.207899 22780 72.639 8209614.06 477777.97
157.13 553.08 -16.19478 -51.207894 22780 99.338 8209501.6 477778.68
166.98 562.8 -16.195783 -51.207894 22780 132.94 8209390.67 477778.79
176.83 572.41 -16.196775 -51.207899 22780 153.843 8209280.98 477778.31
201.23 581.64 -16.197755 -51.207899 22780 161.335 8209172.51 477778.42
196.74 591.54 -16.198722 -51.207902 22780 168.098 8209065.58 477778.23
173.0 601.01 -16.199678 -51.207916 22780 180.636 8208959.88 477776.85
153.44 562.73 -16.199233 -51.20306 22790 220.979 8209009.56 478295.79
171.81 553.86 -16.197958 -51.203069 22790 187.474 8209150.6 478294.76
172.8 546.23 -16.196678 -51.203069 22790 163.118 8209292.25 478294.62
162.09 539.83 -16.195397 -51.20306 22790 151.212 8209433.9 478295.37
154.93 534.49 -16.194114 -51.203044 22790 120.023 8209575.86 478297.01
146.73 529.81 -16.19283 -51.203022 22790 91.285 8209717.82 478299.24
141.15 525.52 -16.19155 -51.202994 22790 49.228 8209859.47 478302.07
140.02 521.56 -16.190272 -51.202969 22790 8.28 8210000.82 478304.6
140.69 517.78 -16.188994 -51.202955 22790 -13.612 8210142.17 478305.95
142.58 514.05 -16.187719 -51.20296 22790 -36.562 8210283.2 478305.22
147.19 510.22 -16.186447 -51.202977 22790 -80.742 8210423.93 478303.29
146.61 506.27 -16.185178 -51.203005 22790 -134.241 8210564.35 478300.19
136.34 502.22 -16.183905 -51.203041 22790 -190.824 8210705.07 478296.19
124.54 498.11 -16.182639 -51.203074 22790 -269.404 8210845.18 478292.49
117.53 494.28 -16.181372 -51.203099 22790 -390.958 8210985.3 478289.67
114.36 491.28 -16.180105 -51.203116 22790 -513.216 8211125.41 478287.75
114.97 489.37 -16.178844 -51.203127 22790 -673.904 8211264.91 478286.43
114.12 488.35 -16.177583 -51.20313 22790 -954.399 8211404.41 478285.99
111.68 487.75 -16.17633 -51.203127 22790 -1243.739 8211542.99 478286.15
111.56 487.31 -16.175086 -51.203116 22790 -1903.931 8211680.64 478287.2
117.87 486.94 -16.173847 -51.203097 22790 -2878.552 8211817.69 478289.15
110.58 486.8 -16.172614 -51.203074 22790 -3700.706 8211954.12 478291.39
96.01 487.59 -16.171386 -51.203047 22790 -2685.251 8212089.93 478294.22
90.28 490.22 -16.170167 -51.203022 22790 -1197.488 8212224.83 478296.76
89.82 494.84 -16.168964 -51.202999 22790 -1136.062 8212357.88 478299.01
93.2 500.42 -16.167772 -51.202977 22790 -1068.176 8212489.7 478301.25
97.35 505.31 -16.166594 -51.202961 22790 -335.879 8212619.98 478302.9
101.01 508.77 -16.165425 -51.202947 22790 -127.477 8212749.34 478304.26
103.7 510.42 -16.164264 -51.202938 22790 749.771 8212877.78 478305.02
105.53 510.37 -16.163106 -51.202938 22790 3675.556 8213005.91 478304.9
106.65 509.24 -16.16195 -51.202941 22790 5090.808 8213133.73 478304.47
108.02 507.55 -16.160797 -51.202941 22790 5179.078 8213261.25 478304.35
111.43 505.41 -16.159644 -51.202944 22790 4423.659 8213388.77 478303.93
111.86 502.88 -16.158489 -51.202947 22790 3859.407 8213516.59 478303.5
114.51 500.28 -16.157333 -51.202952 22790 3222.978 8213644.41 478302.78
118.63 497.88 -16.156178 -51.202963 22790 2611.724 8213772.23 478301.47
122.17 495.79 -16.155022 -51.20298 22790 2348.079 8213900.06 478299.56
119.78 494.11 -16.153867 -51.203002 22790 2264.034 8214027.88 478297.06
109.51 492.99 -16.152711 -51.203024 22790 2232.33 8214155.7 478294.56
103.51 492.54 -16.151558 -51.203047 22790 2161.286 8214283.21 478292.05
99.58 492.84 -16.150408 -51.203063 22790 1878.507 8214410.42 478290.15
99.61 493.72 -16.149264 -51.203077 22790 1592.668 8214537.01 478288.54
100.34 494.73 -16.14812 -51.203086 22790 1375.636 8214663.61 478287.52
103.14 495.67 -16.146981 -51.203088 22790 1202.223 8214789.58 478287.1
106.59 496.28 -16.145842 -51.203086 22790 1061.925 8214915.56 478287.27
110.95 496.46 -16.144706 -51.203072 22790 953.831 8215041.24 478288.63
112.69 495.79 -16.143572 -51.203052 22790 855.465 8215166.61 478290.59
119.42 493.84 -16.142436 -51.203027 22790 775.691 8215292.28 478293.14
122.68 490.16 -16.141297 -51.202997 22790 731.611 8215418.26 478296.28
123.01 484.97 -16.140156 -51.202961 22790 688.881 8215544.55 478300.01
122.93 478.93 -16.139006 -51.20293 22790 650.421 8215671.77 478303.16
118.81 472.85 -16.137847 -51.202908 22790 608.287 8215799.9 478305.41
118.39 467.32 -16.136681 -51.202897 22790 572.641 8215928.95 478306.47
119.91 462.51 -16.135508 -51.202899 22790 546.434 8216058.62 478306.04
117.5 458.43 -16.134333 -51.202911 22790 519.387 8216188.59 478304.73
112.84 455.38 -16.133156 -51.202924 22790 491.42 8216318.87 478303.11
115.4 453.94 -16.131978 -51.202944 22790 468.105 8216449.15 478300.9
113.57 454.33 -16.130803 -51.202966 22790 450.081 8216579.12 478298.4
103.51 456.23 -16.129631 -51.202991 22790 419.918 8216708.79 478295.6
103.75 458.8 -16.128464 -51.203016 22790 403.972 8216837.84 478292.8
109.11 461.03 -16.127306 -51.203038 22790 372.594 8216965.97 478290.3
103.32 462.08 -16.12615 -51.203058 22790 353.464 8217093.79 478288.09
97.99 461.87 -16.124997 -51.203074 22790 345.829 8217221.3 478286.18
97.91 461.08 -16.12385 -51.203086 22790 334.367 8217348.2 478284.87
101.13 460.42 -16.122706 -51.203097 22790 327.859 8217474.79 478283.56
104.85 460.16 -16.121564 -51.203099 22790 312.759 8217601.08 478283.14
110.58 460.22 -16.120422 -51.203094 22790 302.526 8217727.37 478283.6
95.31 444.27 -16.120706 -51.198586 22800 278.101 8217696.5 478765.7
95.95 447.41 -16.12177 -51.198558 22800 285.291 8217578.82 478768.78
101.59 451.86 -16.122825 -51.198522 22800 299.592 8217462.06 478772.76
111.56 455.51 -16.123875 -51.198483 22800 309.427 8217345.92 478777.03
119.79 458.76 -16.124922 -51.198447 22800 316.472 8217230.08 478781.0
123.26 461.94 -16.125964 -51.198411 22800 329.622 8217114.86 478784.97
122.56 463.88 -16.127 -51.198377 22800 347.123 8217000.25 478788.65
122.1 465.26 -16.128039 -51.198347 22800 364.411 8216885.34 478792.02
117.2 466.5 -16.129072 -51.198316 22800 388.594 8216771.04 478795.4
108.51 466.23 -16.130111 -51.198294 22800 409.86 8216656.12 478797.89
103.48 465.44 -16.131147 -51.198277 22800 420.406 8216541.51 478799.78
101.19 466.1 -16.132189 -51.198275 22800 431.774 8216426.29 478800.19
99.7 467.82 -16.133225 -51.198288 22800 450.888 8216311.67 478798.82
100.7 470.07 -16.134261 -51.198322 22800 474.337 8216197.06 478795.36
100.28 472.15 -16.135295 -51.198361 22800 503.636 8216082.75 478791.31
100.28 474.07 -16.136325 -51.198405 22800 531.13 8215968.75 478786.67
99.91 475.88 -16.137353 -51.198452 22800 551.832 8215855.06 478781.73
99.36 477.61 -16.138378 -51.198491 22800 571.482 8215741.67 478777.68
99.06 479.15 -16.139406 -51.198516 22800 596.284 8215627.98 478775.12
99.06 480.3 -16.140431 -51.198527 22800 634.56 8215514.6 478774.04
99.39 481.47 -16.141456 -51.198522 22800 668.7 8215401.22 478774.75
99.48 482.11 -16.142481 -51.198511 22800 705.401 8215287.84 478776.04
98.91 481.99 -16.143508 -51.198497 22800 758.862 8215174.15 478777.64
96.08 480.65 -16.144542 -51.198477 22800 826.53 8215059.85 478779.83
92.11 478.19 -16.145581 -51.198461 22800 909.407 8214944.93 478781.72
89.73 476.35 -16.146622 -51.198444 22800 1001.695 8214829.71 478783.61
89.73 476.01 -16.14767 -51.198433 22800 1100.03 8214713.87 478784.91
90.65 476.18 -16.148722 -51.19843 22800 1223.554 8214597.41 478785.32
90.25 476.58 -16.149772 -51.198438 22800 1386.22 8214481.27 478784.54
92.17 476.96 -16.150825 -51.198466 22800 1580.185 8214364.81 478781.69
98.45 478.58 -16.151875 -51.198513 22800 1743.185 8214248.66 478776.75
109.97 480.83 -16.152919 -51.198577 22800 1774.802 8214133.12 478770.03
110.89 482.0 -16.153967 -51.198641 22800 1731.152 8214017.27 478763.31
103.39 482.29 -16.155014 -51.198694 22800 1654.576 8213901.43 478757.78
100.04 482.4 -16.156064 -51.19873 22800 1802.265 8213785.27 478754.03
96.2 482.51 -16.157111 -51.198766 22800 2394.612 8213669.43 478750.29
89.77 482.88 -16.158161 -51.198794 22800 2845.762 8213553.28 478747.43
78.15 483.86 -16.159211 -51.198805 22800 2996.256 8213437.13 478746.35
85.41 485.48 -16.160258 -51.198799 22800 3449.108 8213321.29 478747.06
90.34 487.76 -16.161306 -51.198769 22800 3671.461 8213205.46 478750.44
91.05 489.8 -16.162344 -51.198713 22800 3356.004 8213090.54 478756.49
89.31 490.84 -16.163386 -51.198644 22800 2876.861 8212975.33 478764.02
88.67 491.74 -16.164425 -51.198577 22800 2532.77 8212860.41 478771.26
88.58 493.42 -16.165467 -51.198522 22800 1458.91 8212745.19 478777.31
88.76 495.83 -16.166506 -51.198466 22800 401.194 8212630.28 478783.36
89.12 497.23 -16.167547 -51.198411 22800 -553.535 8212515.06 478789.41
89.31 496.97 -16.168592 -51.198355 22800 -1764.035 8212399.53 478795.46
89.86 496.3 -16.169642 -51.198297 22800 -2778.7 8212283.39 478801.81
91.14 494.81 -16.170694 -51.198238 22800 -3068.137 8212166.94 478808.16
91.69 492.56 -16.171755 -51.198186 22800 -2640.584 8212049.57 478813.91
93.18 489.72 -16.172825 -51.198149 22800 -2013.975 8211931.28 478817.89
90.71 487.29 -16.173905 -51.198138 22800 -1494.454 8211811.75 478819.19
96.56 485.57 -16.174992 -51.198155 22800 -1393.191 8211691.61 478817.53
100.04 483.71 -16.176083 -51.198199 22800 -1449.935 8211570.85 478812.89
103.2 481.56 -16.17718 -51.198263 22800 -1197.926 8211449.47 478806.18
106.31 479.53 -16.178283 -51.198338 22800 -839.722 8211327.48 478798.28
111.07 477.86 -16.179392 -51.198416 22800 -598.984 8211204.87 478790.09
112.53 475.2 -16.180508 -51.198497 22800 -471.153 8211081.34 478781.59
105.01 471.03 -16.18163 -51.198577 22800 -349.022 8210957.19 478773.1
96.69 469.57 -16.182758 -51.198652 22800 -242.042 8210832.43 478765.21
102.01 473.17 -16.183886 -51.198719 22800 -175.514 8210707.68 478758.2
121.13 481.04 -16.185003 -51.19878 22800 -106.466 8210584.15 478751.79
132.86 490.95 -16.186108 -51.198838 22800 -59.945 8210461.85 478745.67
134.05 501.16 -16.187197 -51.198891 22800 -21.901 8210341.39 478740.15
135.46 510.58 -16.188275 -51.198922 22800 15.004 8210222.17 478737.0
142.22 519.4 -16.189344 -51.198916 22800 41.706 8210103.87 478737.71
147.83 526.97 -16.190405 -51.198885 22800 64.577 8209986.5 478741.09
152.77 533.05 -16.191458 -51.198824 22800 83.991 8209870.05 478747.73
157.73 539.54 -16.192503 -51.198744 22800 99.55 8209754.53 478756.45
171.41 547.15 -16.193542 -51.198666 22800 115.95 8209639.62 478764.88
183.44 555.42 -16.194569 -51.198608 22800 128.206 8209525.93 478771.22
194.35 562.78 -16.195594 -51.198555 22800 147.234 8209412.56 478776.97
199.18 568.68 -16.196611 -51.198491 22800 179.844 8209300.1 478783.91
200.37 573.85 -16.197622 -51.198408 22800 215.237 8209188.26 478792.93
194.75 580.03 -16.198633 -51.198324 22800 240.308 8209076.43 478801.94
188.73 586.42 -16.199636 -51.198247 22800 258.201 8208965.51 478810.36
188.54 558.68 -16.199161 -51.193202 22810 274.813 8209018.57 479349.49
187.94 556.08 -16.197886 -51.193224 22810 249.789 8209159.6 479346.98
184.9 552.16 -16.196614 -51.19328 22810 236.511 8209300.33 479340.91
181.06 545.77 -16.195341 -51.193372 22810 218.463 8209441.05 479330.98
174.98 537.72 -16.194064 -51.193499 22810 187.861 8209582.38 479317.19
167.38 528.25 -16.19278 -51.193649 22810 156.591 8209724.32 479301.02
160.7 520.76 -16.191494 -51.193808 22810 141.994 8209866.57 479283.96
155.14 517.44 -16.190205 -51.193949 22810 125.295 8210009.13 479268.68
152.94 516.32 -16.188917 -51.194061 22810 87.563 8210151.69 479256.67
156.18 517.53 -16.187633 -51.194122 22810 35.854 8210293.64 479250.01
159.9 519.1 -16.186355 -51.194141 22810 -6.903 8210434.98 479247.79
162.09 518.88 -16.185086 -51.194122 22810 -46.132 8210575.41 479249.74
166.38 520.04 -16.183822 -51.194069 22810 -101.912 8210715.22 479255.25
169.82 526.95 -16.182578 -51.193994 22810 -175.187 8210852.88 479263.14
172.2 538.28 -16.181355 -51.193911 22810 -266.334 8210988.09 479271.92
183.05 553.03 -16.180158 -51.193822 22810 -393.715 8211120.53 479281.29
193.96 569.84 -16.178992 -51.193724 22810 -555.634 8211249.59 479291.56
205.27 585.91 -16.177855 -51.193627 22810 -743.982 8211375.28 479301.84
212.54 599.77 -16.176736 -51.193527 22810 -934.124 8211499.12 479312.41
216.18 611.57 -16.175633 -51.193447 22810 -1072.681 8211621.11 479320.91
209.5 621.07 -16.174544 -51.193397 22810 -1100.897 8211741.56 479326.14
189.53 627.76 -16.173464 -51.193374 22810 -1031.501 8211861.09 479328.4
153.52 633.47 -16.172389 -51.193374 22810 -972.171 8211980.01 479328.29
123.81 637.36 -16.171319 -51.193402 22810 -1000.771 8212098.3 479325.21
118.5 638.53 -16.170253 -51.193458 22810 -1032.445 8212216.29 479319.16
150.51 634.31 -16.169178 -51.193538 22810 -989.997 8212335.19 479310.43
197.99 625.16 -16.168092 -51.193638 22810 -1040.986 8212455.32 479299.63
204.87 612.31 -16.166983 -51.193738 22810 -1109.63 8212577.91 479288.82
195.74 597.46 -16.165858 -51.193833 22810 -1066.81 8212702.35 479278.61
179.41 581.43 -16.164706 -51.193899 22810 -708.892 8212829.86 479271.36
167.38 565.95 -16.163533 -51.193941 22810 36.409 8212959.52 479266.79
153.68 550.91 -16.162336 -51.193947 22810 600.215 8213091.95 479266.07
142.71 536.02 -16.161122 -51.193922 22810 794.065 8213226.23 479268.61
136.55 526.7 -16.159892 -51.193874 22810 916.353 8213362.36 479273.53
134.45 520.97 -16.158653 -51.193813 22810 1109.517 8213499.4 479279.94
133.5 517.43 -16.157414 -51.193741 22810 1225.206 8213636.45 479287.53
136.62 514.99 -16.156172 -51.193658 22810 1152.353 8213773.81 479296.31
138.99 511.01 -16.154933 -51.193569 22810 1041.433 8213910.86 479305.68
144.84 506.39 -16.153689 -51.193488 22810 962.287 8214048.52 479314.16
148.74 502.24 -16.152442 -51.193422 22810 912.284 8214186.49 479321.16
139.5 498.45 -16.151192 -51.193377 22810 873.103 8214324.77 479325.78
135.76 494.43 -16.149942 -51.193355 22810 828.47 8214463.04 479328.03
132.65 490.28 -16.148689 -51.193347 22810 787.127 8214601.62 479328.79
121.49 486.49 -16.147433 -51.19335 22810 755.353 8214740.5 479328.36
109.97 482.56 -16.146178 -51.193363 22810 710.94 8214879.39 479326.75
102.47 481.15 -16.144922 -51.193375 22810 671.33 8215018.27 479325.43
100.92 482.26 -16.143672 -51.19338 22810 657.473 8215156.54 479324.7
100.7 484.11 -16.142431 -51.19338 22810 619.236 8215293.89 479324.57
101.44 485.62 -16.141192 -51.193386 22810 573.521 8215430.93 479323.85
102.47 486.75 -16.139958 -51.193411 22810 536.7 8215567.35 479321.05
103.3 487.45 -16.138731 -51.19345 22810 511.946 8215703.16 479316.76
103.87 487.34 -16.137506 -51.193488 22810 499.771 8215838.66 479312.48
103.69 486.16 -16.136281 -51.193527 22810 480.848 8215974.17 479308.19
103.14 483.49 -16.135058 -51.193552 22810 451.707 8216109.36 479305.39
101.86 480.13 -16.133833 -51.193569 22810 424.819 8216244.86 479303.48
99.97 476.46 -16.132606 -51.193572 22810 409.785 8216380.68 479303.06
99.15 471.95 -16.131378 -51.193561 22810 390.156 8216516.49 479304.12
98.45 468.1 -16.130145 -51.193538 22810 367.894 8216652.92 479306.37
99.55 465.25 -16.128914 -51.193516 22810 340.206 8216789.04 479308.61
101.99 462.81 -16.127678 -51.193497 22810 320.503 8216925.77 479310.57
104.37 460.69 -16.126445 -51.193488 22810 304.293 8217062.2 479311.33
106.8 458.51 -16.125208 -51.1935 22810 289.223 8217198.93 479310.01
110.1 455.53 -16.123978 -51.193525 22810 276.971 8217335.05 479307.21
117.41 452.54 -16.122742 -51.193563 22810 271.203 8217471.78 479302.92
112.11 449.19 -16.121509 -51.193613 22810 264.936 8217608.2 479297.45
105.58 444.42 -16.120272 -51.193666 22810 259.045 8217744.93 479291.68
96.5 450.81 -16.120803 -51.189036 22820 229.082 8217686.7 479786.86
96.01 452.5 -16.12185 -51.188991 22820 237.739 8217570.87 479791.72
97.23 455.68 -16.122897 -51.188958 22820 246.737 8217455.03 479795.39
98.08 458.3 -16.123942 -51.188938 22820 256.412 8217339.5 479797.58
99.67 460.0 -16.124981 -51.188936 22820 269.642 8217224.58 479797.98
101.95 461.89 -16.12602 -51.188952 22820 284.804 8217109.66 479796.3
104.42 463.56 -16.127058 -51.18898 22820 295.416 8216994.74 479793.44
106.65 464.97 -16.128095 -51.189005 22820 294.426 8216880.13 479790.87
108.39 465.95 -16.129133 -51.18903 22820 306.635 8216765.21 479788.3
105.03 466.28 -16.130172 -51.18905 22820 322.096 8216650.29 479786.33
102.65 465.6 -16.131214 -51.189063 22820 337.762 8216535.06 479784.95
99.06 464.62 -16.132256 -51.189066 22820 354.588 8216419.84 479784.76
92.05 464.02 -16.133297 -51.189063 22820 367.138 8216304.61 479785.16
91.05 465.23 -16.134342 -51.189055 22820 381.9 8216189.08 479786.16
94.43 467.7 -16.135381 -51.189044 22820 398.832 8216074.17 479787.45
96.62 469.88 -16.136417 -51.189027 22820 415.39 8215959.56 479789.34
96.26 470.82 -16.13745 -51.189 22820 432.264 8215845.26 479792.42
95.16 469.81 -16.138486 -51.188963 22820 440.802 8215730.65 479796.38
92.35 468.18 -16.139528 -51.188925 22820 453.234 8215615.43 479800.65
92.14 467.36 -16.140572 -51.188891 22820 470.952 8215499.9 479804.32
92.78 466.85 -16.14162 -51.188866 22820 479.703 8215384.06 479807.1
93.7 465.72 -16.14267 -51.188863 22820 489.383 8215267.91 479807.5
94.18 463.46 -16.143725 -51.188888 22820 507.55 8215151.15 479804.93
94.18 460.11 -16.144786 -51.188947 22820 524.458 8215033.77 479798.81
94.06 456.17 -16.145853 -51.189022 22820 532.983 8214915.77 479790.9
93.79 450.82 -16.146928 -51.189111 22820 533.384 8214796.85 479781.5
94.67 444.5 -16.148011 -51.189202 22820 524.046 8214677.01 479771.81
93.48 439.68 -16.149103 -51.189288 22820 529.284 8214556.24 479762.72
92.23 440.06 -16.150197 -51.189361 22820 550.638 8214435.17 479755.11
94.46 446.22 -16.151283 -51.189411 22820 558.819 8214315.02 479749.87
96.56 454.42 -16.152356 -51.18943 22820 529.759 8214196.42 479747.9
99.03 463.41 -16.153414 -51.18943 22820 504.36 8214079.35 479748.01
103.75 472.81 -16.154458 -51.189419 22820 473.939 8213963.82 479749.3
107.23 481.85 -16.155483 -51.189397 22820 434.588 8213850.44 479751.79
106.99 489.9 -16.1565 -51.189361 22820 402.01 8213737.98 479755.75
105.13 497.67 -16.157506 -51.189313 22820 345.191 8213626.75 479760.9
97.3 505.32 -16.158503 -51.189258 22820 257.519 8213516.45 479766.94
84.61 511.03 -16.159494 -51.189211 22820 143.549 8213406.76 479772.09
78.15 515.24 -16.160483 -51.189175 22820 1.344 8213297.38 479776.05
87.97 516.88 -16.161472 -51.189155 22820 -123.229 8213187.99 479778.23
103.88 517.25 -16.162464 -51.189155 22820 -271.195 8213078.3 479778.33
123.29 516.27 -16.163461 -51.189166 22820 -410.21 8212967.99 479777.25
130.88 513.5 -16.164464 -51.189186 22820 -525.476 8212857.06 479775.27
130.15 511.61 -16.165472 -51.189211 22820 -621.353 8212745.52 479772.7
137.35 515.23 -16.166481 -51.18923 22820 -682.645 8212633.98 479770.72
143.44 524.68 -16.167472 -51.189255 22820 -717.551 8212524.28 479768.15
142.47 537.24 -16.168447 -51.189286 22820 -732.15 8212416.43 479764.99
135.03 551.28 -16.169397 -51.189319 22820 -743.0 8212311.34 479761.52
115.4 565.36 -16.170328 -51.189352 22820 -749.191 8212208.4 479758.05
87.33 578.83 -16.171233 -51.189374 22820 -764.324 8212108.23 479755.77
84.68 591.24 -16.172122 -51.18938 22820 -755.868 8212009.9 479755.26
112.41 600.52 -16.172997 -51.189369 22820 -753.673 8211913.11 479756.54
149.35 604.77 -16.173872 -51.189347 22820 -713.171 8211816.33 479759.01
192.97 602.51 -16.174755 -51.189322 22820 -660.715 8211718.62 479761.77
211.28 595.34 -16.175655 -51.189291 22820 -600.552 8211619.07 479765.13
211.48 583.54 -16.176575 -51.189263 22820 -537.961 8211517.36 479768.19
202.02 568.96 -16.177522 -51.189227 22820 -468.776 8211412.59 479772.15
194.55 553.97 -16.178505 -51.189208 22820 -390.93 8211303.82 479774.33
183.11 539.61 -16.179514 -51.189188 22820 -308.389 8211192.28 479776.51
172.4 525.63 -16.18055 -51.189177 22820 -226.144 8211077.67 479777.8
157.77 512.88 -16.181608 -51.189174 22820 -152.642 8210960.6 479778.21
146.73 502.08 -16.182689 -51.189188 22820 -100.998 8210841.07 479776.83
132.53 493.4 -16.183783 -51.189213 22820 -71.293 8210720.01 479774.27
121.34 487.67 -16.184892 -51.189252 22820 -50.179 8210597.4 479770.23
113.69 483.69 -16.186008 -51.189291 22820 -15.535 8210473.88 479766.18
108.9 481.91 -16.18713 -51.189322 22820 42.804 8210349.74 479763.03
104.55 480.5 -16.188255 -51.189347 22820 110.117 8210225.29 479760.48
103.11 480.25 -16.18938 -51.189363 22820 140.966 8210100.85 479758.81
102.17 480.45 -16.190503 -51.18938 22820 157.547 8209976.71 479757.14
102.2 481.13 -16.191625 -51.189377 22820 171.895 8209852.57 479757.55
104.42 480.96 -16.192744 -51.189355 22820 204.052 8209728.74 479760.04
108.11 480.61 -16.193861 -51.189313 22820 237.94 8209605.23 479764.61
103.57 479.92 -16.194978 -51.189266 22820 257.16 8209481.71 479769.77
102.05 478.62 -16.196091 -51.189224 22820 270.081 8209358.5 479774.34
101.68 479.06 -16.197205 -51.189186 22820 275.988 8209235.29 479778.61
108.11 484.11 -16.198311 -51.189144 22820 278.08 8209113.0 479783.18
120.88 493.1 -16.199405 -51.189122 22820 286.12 8208991.94 479785.66
117.5 507.26 -16.199466 -51.18393 22830 320.394 8208985.68 480340.58
120.4 508.52 -16.19818 -51.183888 22830 318.763 8209127.95 480344.91
121.25 509.31 -16.196903 -51.183858 22830 309.053 8209269.3 480348.05
122.04 509.63 -16.19563 -51.183838 22830 293.285 8209410.03 480350.0
121.31 510.24 -16.194366 -51.183844 22830 281.781 8209549.84 480349.28
118.2 509.61 -16.193105 -51.18388 22830 256.275 8209689.33 480345.29
115.46 507.65 -16.191847 -51.183949 22830 219.724 8209828.52 480337.75
112.96 504.17 -16.190591 -51.184038 22830 174.355 8209967.4 480328.12
111.47 500.71 -16.189339 -51.184149 22830 126.565 8210105.96 480316.12
111.49 498.35 -16.188089 -51.184263 22830 98.482 8210244.22 480303.82
114.18 497.03 -16.186839 -51.184366 22830 76.139 8210382.48 480292.71
116.31 495.66 -16.185594 -51.184458 22830 57.505 8210520.13 480282.79
118.9 494.16 -16.184353 -51.18453 22830 36.364 8210657.47 480274.94
124.17 495.3 -16.183117 -51.184588 22830 5.721 8210794.2 480268.59
137.65 502.24 -16.181894 -51.184624 22830 -41.54 8210929.4 480264.6
157.16 514.13 -16.180692 -51.184647 22830 -94.682 8211062.44 480262.11
169.43 528.4 -16.179514 -51.184655 22830 -143.712 8211192.72 480261.1
174.98 543.07 -16.178364 -51.184638 22830 -183.709 8211319.93 480262.77
176.63 558.2 -16.177242 -51.184597 22830 -214.863 8211444.07 480267.11
151.36 571.53 -16.176139 -51.184527 22830 -256.75 8211566.07 480274.42
129.97 582.45 -16.175058 -51.184438 22830 -297.246 8211685.6 480283.82
132.83 590.19 -16.173992 -51.184336 22830 -325.818 8211803.6 480294.7
146.09 594.26 -16.17293 -51.18423 22830 -341.119 8211920.99 480305.88
153.8 592.8 -16.171864 -51.184122 22830 -345.173 8212038.99 480317.35
175.58 586.33 -16.170792 -51.184013 22830 -336.735 8212157.61 480328.83
187.48 575.78 -16.169703 -51.183913 22830 -323.398 8212278.07 480339.41
187.87 563.59 -16.168589 -51.183838 22830 -312.34 8212401.29 480347.32
183.91 550.07 -16.167455 -51.183786 22830 -299.882 8212526.66 480352.85
176.44 535.68 -16.166297 -51.183752 22830 -283.431 8212654.79 480356.29
157.22 524.02 -16.165119 -51.183719 22830 -265.945 8212785.08 480359.74
146.18 515.95 -16.163931 -51.18368 22830 -236.776 8212916.59 480363.78
131.19 513.51 -16.162736 -51.183638 22830 -180.448 8213048.72 480368.12
119.03 516.81 -16.161544 -51.183602 22830 -121.288 8213180.54 480371.86
123.14 522.46 -16.160358 -51.183594 22830 -68.08 8213311.74 480372.63
121.01 529.17 -16.159186 -51.183619 22830 -18.025 8213441.41 480369.84
124.48 535.57 -16.158022 -51.183666 22830 35.608 8213570.15 480364.68
129.82 540.06 -16.156867 -51.18373 22830 82.79 8213697.97 480357.74
136.92 538.76 -16.155714 -51.183816 22830 127.142 8213825.48 480348.42
132.74 531.36 -16.154553 -51.183913 22830 183.671 8213953.9 480337.91
138.74 519.73 -16.153381 -51.184008 22830 231.698 8214083.56 480327.69
132.28 505.94 -16.152194 -51.184091 22830 262.147 8214214.76 480318.67
122.65 491.88 -16.150989 -51.18415 22830 281.576 8214348.11 480312.31
114.21 479.04 -16.149767 -51.184186 22830 306.923 8214483.3 480308.33
110.46 469.33 -16.148533 -51.184191 22830 334.729 8214619.73 480307.61
110.37 462.74 -16.147289 -51.18418 22830 350.722 8214757.38 480308.68
112.96 457.35 -16.146042 -51.184166 22830 360.118 8214895.35 480310.04
106.13 453.52 -16.144792 -51.184155 22830 369.847 8215033.62 480311.1
99.73 450.68 -16.143542 -51.184144 22830 370.347 8215171.89 480312.17
95.89 449.52 -16.142294 -51.184133 22830 361.52 8215309.85 480313.23
102.11 451.44 -16.141053 -51.184127 22830 355.781 8215447.2 480313.7
104.55 455.96 -16.139817 -51.184133 22830 352.282 8215583.94 480312.99
112.96 461.09 -16.138595 -51.184155 22830 351.958 8215719.13 480310.49
114.21 464.36 -16.137383 -51.184186 22830 339.046 8215853.1 480307.1
109.79 466.99 -16.136178 -51.184225 22830 321.302 8215986.45 480302.83
107.32 470.5 -16.134983 -51.184263 22830 321.16 8216118.57 480298.55
108.26 475.1 -16.133792 -51.184302 22830 316.958 8216250.38 480294.27
108.29 477.63 -16.132608 -51.184338 22830 309.848 8216381.27 480290.29
107.84 477.88 -16.131428 -51.184361 22830 301.093 8216511.86 480287.8
105.95 476.9 -16.13025 -51.184369 22830 290.965 8216642.14 480286.79
105.83 475.72 -16.129072 -51.184364 22830 282.179 8216772.42 480287.27
105.07 473.94 -16.127895 -51.184341 22830 269.765 8216902.71 480289.53
103.2 470.87 -16.12672 -51.184311 22830 258.317 8217032.68 480292.68
100.22 467.03 -16.125539 -51.18428 22830 250.409 8217163.27 480295.83
98.45 463.62 -16.124358 -51.18425 22830 241.767 8217293.87 480298.98
98.24 460.76 -16.12317 -51.184222 22830 228.61 8217425.38 480301.83
97.97 457.3 -16.121981 -51.184197 22830 219.365 8217556.89 480304.39
97.23 454.28 -16.120786 -51.18418 22830 210.455 8217689.02 480306.05
108.51 438.44 -16.120389 -51.179186 22840 195.233 8217733.43 480840.06
109.12 440.1 -16.121508 -51.17923 22840 198.873 8217609.6 480835.41
104.55 443.35 -16.122628 -51.179266 22840 201.782 8217485.76 480831.66
102.87 448.9 -16.123736 -51.179283 22840 211.219 8217363.16 480829.98
104.55 456.59 -16.124836 -51.179283 22840 221.933 8217241.49 480830.09
109.27 462.48 -16.125922 -51.17928 22840 231.71 8217121.34 480830.49
112.17 467.34 -16.127008 -51.17928 22840 241.298 8217001.2 480830.6
113.54 469.72 -16.128089 -51.179297 22840 249.871 8216881.67 480828.92
113.69 471.05 -16.129167 -51.179325 22840 255.575 8216762.45 480826.05
112.01 471.14 -16.130245 -51.179375 22840 256.567 8216643.23 480820.81
107.9 470.98 -16.131322 -51.179436 22840 255.738 8216524.0 480814.38
108.51 468.94 -16.132406 -51.1795 22840 256.295 8216404.16 480807.65
110.64 465.79 -16.133492 -51.179547 22840 249.553 8216284.02 480802.71
108.97 461.9 -16.134583 -51.179564 22840 252.036 8216163.26 480801.03
111.25 457.99 -16.135678 -51.179569 22840 256.685 8216042.2 480800.54
117.65 455.13 -16.136781 -51.179569 22840 267.622 8215920.21 480800.65
114.6 453.69 -16.137886 -51.179572 22840 271.838 8215797.92 480800.46
109.42 451.85 -16.139 -51.179564 22840 274.543 8215674.7 480801.46
103.33 448.08 -16.140117 -51.179558 22840 279.752 8215551.18 480802.16
101.5 446.03 -16.141236 -51.179539 22840 284.697 8215427.36 480804.35
103.63 447.07 -16.142356 -51.179502 22840 290.706 8215303.53 480808.32
107.6 449.97 -16.143467 -51.179447 22840 289.322 8215180.63 480814.36
109.73 453.7 -16.144575 -51.179383 22840 274.641 8215058.04 480821.3
117.04 456.58 -16.145678 -51.179322 22840 263.578 8214936.06 480827.94
122.22 459.33 -16.146778 -51.179272 22840 262.129 8214814.38 480833.39
127.56 460.72 -16.147875 -51.179252 22840 258.51 8214693.02 480835.58
126.8 460.83 -16.148972 -51.179255 22840 251.987 8214571.64 480835.39
126.34 459.72 -16.150072 -51.179272 22840 235.638 8214449.96 480833.71
123.14 458.82 -16.151172 -51.179297 22840 214.244 8214328.28 480831.14
115.37 457.41 -16.152281 -51.179327 22840 190.614 8214205.68 480827.99
109.42 456.75 -16.153386 -51.179363 22840 162.582 8214083.39 480824.23
100.13 458.65 -16.154494 -51.179422 22840 126.474 8213960.78 480818.1
96.62 463.09 -16.155594 -51.179513 22840 95.978 8213839.09 480808.41
95.71 467.38 -16.156692 -51.179622 22840 62.918 8213717.71 480796.93
91.44 470.0 -16.157783 -51.179722 22840 34.539 8213596.95 480786.35
85.19 473.79 -16.158872 -51.179802 22840 -0.844 8213476.49 480777.84
100.28 478.63 -16.159956 -51.179869 22840 -37.213 8213356.65 480770.82
115.68 482.58 -16.161033 -51.179911 22840 -55.564 8213237.43 480766.47
124.66 484.75 -16.162108 -51.179927 22840 -82.981 8213118.51 480764.79
127.26 483.98 -16.16318 -51.179922 22840 -108.26 8212999.91 480765.49
126.49 481.97 -16.164258 -51.179916 22840 -124.995 8212880.69 480766.19
126.34 480.17 -16.165342 -51.179922 22840 -138.444 8212760.85 480765.7
119.18 478.19 -16.166425 -51.179925 22840 -153.479 8212641.02 480765.51
110.95 478.39 -16.167514 -51.179897 22840 -168.512 8212520.57 480768.58
106.07 480.16 -16.1686 -51.179847 22840 -170.063 8212400.44 480774.03
101.8 480.46 -16.169686 -51.179788 22840 -173.016 8212280.3 480780.37
98.15 480.61 -16.170775 -51.17973 22840 -170.825 8212159.86 480786.71
94.94 480.46 -16.171864 -51.17968 22840 -164.824 8212039.41 480792.17
93.88 480.14 -16.172958 -51.179641 22840 -154.565 8211918.35 480796.43
94.34 480.46 -16.174058 -51.179633 22840 -129.922 8211796.67 480797.43
96.93 481.02 -16.175155 -51.179647 22840 -103.078 8211675.3 480796.05
103.48 482.15 -16.176258 -51.179677 22840 -81.942 8211553.31 480792.89
112.17 483.49 -16.177358 -51.179716 22840 -62.813 8211431.63 480788.84
113.08 482.11 -16.178458 -51.179744 22840 -44.882 8211309.95 480785.97
121.01 480.76 -16.179555 -51.179761 22840 -17.928 8211188.58 480784.3
128.32 478.38 -16.180658 -51.179775 22840 2.552 8211066.59 480782.92
118.57 473.69 -16.181767 -51.179788 22840 27.092 8210943.99 480781.54
104.55 468.11 -16.182883 -51.179802 22840 58.441 8210820.47 480780.17
97.23 467.05 -16.184003 -51.179811 22840 85.946 8210696.64 480779.39
94.19 468.51 -16.185122 -51.179819 22840 120.616 8210572.81 480778.6
93.88 471.84 -16.186239 -51.179827 22840 147.1 8210449.28 480777.82
95.25 476.7 -16.187344 -51.17983 22840 160.12 8210326.99 480777.63
97.54 481.0 -16.188447 -51.179816 22840 172.457 8210205.01 480779.22
100.27 484.54 -16.189544 -51.179783 22840 178.091 8210083.64 480782.89
102.41 486.89 -16.190633 -51.179747 22840 216.437 8209963.19 480786.86
103.78 488.19 -16.191728 -51.179711 22840 258.409 8209842.13 480790.82
106.07 489.01 -16.192819 -51.17968 22840 273.611 8209721.38 480794.2
106.07 488.78 -16.193911 -51.179647 22840 274.857 8209600.63 480797.87
108.51 487.52 -16.195005 -51.179613 22840 282.612 8209479.56 480801.53
110.18 485.76 -16.196103 -51.17958 22840 307.323 8209358.2 480805.2
107.9 485.48 -16.197197 -51.179555 22840 332.593 8209237.14 480807.98
103.48 487.2 -16.198291 -51.179552 22840 355.68 8209116.07 480808.38
100.89 490.11 -16.199383 -51.179572 22840 361.428 8208995.31 480806.41
122.04 487.01 -16.199428 -51.174741 22850 370.371 8208990.84 481322.73
121.34 485.63 -16.198183 -51.174736 22850 369.218 8209128.5 481323.21
111.74 482.77 -16.196941 -51.174736 22850 346.633 8209265.85 481323.09
103.2 477.65 -16.195697 -51.174736 22850 314.433 8209403.51 481322.97
98.08 472.52 -16.194453 -51.174738 22850 302.24 8209541.16 481322.56
100.37 472.04 -16.193211 -51.174769 22850 314.068 8209678.51 481319.17
103.02 471.77 -16.191972 -51.174822 22850 284.26 8209815.55 481313.42
99.36 468.97 -16.190739 -51.174872 22850 261.012 8209951.97 481307.96
95.52 466.43 -16.189503 -51.174919 22850 245.567 8210088.7 481302.79
96.66 467.18 -16.188269 -51.174963 22850 223.446 8210225.12 481297.92
100.95 469.45 -16.187044 -51.175019 22850 190.588 8210360.62 481291.87
104.0 470.25 -16.185828 -51.175088 22850 164.683 8210495.2 481284.33
104.18 468.35 -16.184608 -51.175166 22850 133.372 8210630.08 481275.9
102.87 463.3 -16.183389 -51.175236 22850 104.954 8210764.97 481268.36
100.77 455.5 -16.182167 -51.175297 22850 96.83 8210900.16 481261.72
98.93 450.25 -16.180939 -51.175333 22850 88.121 8211035.97 481257.74
92.54 449.92 -16.179708 -51.175336 22850 65.827 8211172.09 481257.33
88.76 452.36 -16.178492 -51.175302 22850 51.635 8211306.67 481260.77
90.77 455.95 -16.177283 -51.175258 22850 43.0 8211440.34 481265.41
96.29 459.19 -16.176083 -51.175213 22850 29.117 8211573.08 481270.05
104.61 462.55 -16.174889 -51.175172 22850 21.339 8211705.21 481274.39
104.09 464.7 -16.173703 -51.175127 22850 1.701 8211836.42 481279.03
103.09 466.5 -16.172519 -51.175072 22850 -18.88 8211967.32 481284.86
99.3 468.04 -16.171339 -51.175011 22850 -32.759 8212097.92 481291.28
99.49 469.13 -16.170164 -51.174958 22850 -42.806 8212227.9 481296.81
100.89 470.49 -16.168992 -51.17493 22850 -38.785 8212357.57 481299.67
104.18 471.7 -16.167822 -51.174925 22850 -38.41 8212486.93 481300.15
106.74 472.39 -16.166655 -51.17493 22850 -36.907 8212615.98 481299.45
107.47 470.93 -16.165489 -51.174941 22850 -34.177 8212745.03 481298.15
104.64 464.88 -16.164317 -51.17495 22850 -29.044 8212874.7 481297.15
102.17 458.79 -16.163136 -51.174952 22850 -12.532 8213005.28 481296.74
102.93 455.86 -16.161953 -51.17495 22850 6.14 8213136.18 481296.93
107.23 456.3 -16.160769 -51.17495 22850 11.057 8213267.08 481296.81
112.01 457.49 -16.159589 -51.174955 22850 20.987 8213397.66 481296.11
113.39 457.63 -16.158411 -51.174964 22850 37.768 8213527.95 481295.11
112.81 455.73 -16.157233 -51.174977 22850 58.56 8213658.23 481293.51
109.24 450.89 -16.156056 -51.174997 22850 75.761 8213788.5 481291.32
105.8 445.71 -16.154872 -51.175005 22850 104.135 8213919.4 481290.32
101.13 443.3 -16.153681 -51.175002 22850 126.955 8214051.22 481290.5
101.5 442.27 -16.152486 -51.174989 22850 149.493 8214183.34 481291.88
105.7 442.1 -16.151294 -51.174972 22850 174.642 8214315.16 481293.55
106.34 442.92 -16.150108 -51.17495 22850 192.433 8214446.37 481295.81
104.06 443.36 -16.148922 -51.174936 22850 210.22 8214577.57 481297.18
99.67 443.86 -16.147739 -51.174927 22850 218.788 8214708.47 481297.96
99.12 443.97 -16.146558 -51.174933 22850 220.958 8214839.06 481297.26
102.02 443.99 -16.145381 -51.174944 22850 224.1 8214969.34 481295.96
105.4 444.06 -16.144206 -51.174952 22850 236.92 8215099.31 481294.96
103.24 443.32 -16.143031 -51.174961 22850 251.911 8215229.28 481293.96
102.23 441.62 -16.141858 -51.174975 22850 251.2 8215358.95 481292.36
98.08 439.38 -16.140681 -51.175 22850 242.721 8215489.23 481289.58
101.56 437.77 -16.139506 -51.175033 22850 235.881 8215619.2 481285.9
99.79 436.67 -16.138328 -51.175069 22850 229.582 8215749.48 481281.93
97.42 435.65 -16.13715 -51.175102 22850 231.313 8215879.76 481278.25
97.84 434.8 -16.135972 -51.175139 22850 230.335 8216010.03 481274.28
102.23 435.27 -16.134797 -51.175177 22850 223.688 8216140.0 481270.01
102.84 436.48 -16.133628 -51.175219 22850 210.724 8216269.36 481265.45
106.13 438.71 -16.132458 -51.175269 22850 211.128 8216398.71 481259.99
108.87 441.31 -16.131297 -51.17533 22850 216.654 8216527.15 481253.35
105.04 443.0 -16.130139 -51.175391 22850 218.998 8216655.27 481246.71
106.07 444.0 -16.128981 -51.175452 22850 214.666 8216783.4 481240.06
105.89 445.36 -16.127822 -51.175491 22850 217.958 8216911.52 481235.79
106.56 446.47 -16.12667 -51.175525 22850 219.737 8217039.04 481232.12
114.79 448.26 -16.125522 -51.175544 22850 217.181 8217165.93 481229.93
117.93 449.79 -16.124372 -51.175544 22850 210.67 8217293.14 481229.83
118.2 449.56 -16.123228 -51.175516 22850 202.764 8217419.74 481232.69
118.63 448.33 -16.122083 -51.175461 22850 197.486 8217546.34 481238.52
115.15 445.15 -16.120939 -51.17538 22850 188.386 8217672.94 481247.03
113.6 446.12 -16.120203 -51.170528 22860 176.082 8217754.8 481765.85
106.74 444.1 -16.121331 -51.170491 22860 180.526 8217630.05 481769.82
99.16 441.42 -16.122464 -51.170472 22860 182.075 8217504.69 481772.0
98.82 439.18 -16.123597 -51.170472 22860 171.439 8217379.33 481772.1
101.93 438.2 -16.124733 -51.170478 22860 169.143 8217253.65 481771.61
103.21 437.4 -16.12587 -51.170494 22860 167.687 8217127.98 481769.94
101.37 437.51 -16.127003 -51.170505 22860 177.714 8217002.61 481768.85
103.08 438.13 -16.128131 -51.170511 22860 177.863 8216877.86 481768.36
96.68 438.82 -16.129261 -51.170505 22860 178.321 8216752.81 481769.06
94.67 438.99 -16.130392 -51.170505 22860 189.389 8216627.75 481769.16
96.14 439.2 -16.131522 -51.170489 22860 195.0 8216502.69 481771.05
102.53 440.94 -16.132647 -51.170458 22860 202.388 8216378.25 481774.42
98.42 442.36 -16.13377 -51.170419 22860 206.427 8216254.12 481778.68
100.83 443.2 -16.134889 -51.170383 22860 201.564 8216130.3 481782.64
102.11 442.88 -16.136006 -51.17035 22860 188.597 8216006.78 481786.31
105.58 441.91 -16.137125 -51.170319 22860 196.285 8215882.95 481789.68
105.03 440.61 -16.138244 -51.170294 22860 207.314 8215759.12 481792.45
100.09 437.84 -16.139367 -51.170272 22860 218.309 8215634.99 481794.93
92.78 434.21 -16.140497 -51.170258 22860 224.448 8215509.93 481796.52
89.92 432.66 -16.141628 -51.170247 22860 226.489 8215384.88 481797.81
84.8 433.82 -16.142758 -51.170241 22860 225.738 8215259.82 481798.51
81.02 436.08 -16.143886 -51.170247 22860 215.406 8215135.07 481798.02
81.84 439.78 -16.145008 -51.170264 22860 194.617 8215010.93 481796.34
85.1 444.32 -16.146128 -51.170283 22860 179.186 8214887.1 481794.36
89.58 449.11 -16.147239 -51.170297 22860 179.338 8214764.19 481792.98
96.25 453.05 -16.148344 -51.170305 22860 183.405 8214641.9 481792.19
106.5 454.8 -16.14945 -51.170316 22860 177.974 8214519.61 481791.11
112.59 454.44 -16.150556 -51.170333 22860 174.933 8214397.31 481789.42
113.78 451.62 -16.151667 -51.170355 22860 151.43 8214274.4 481787.15
109.48 447.83 -16.152781 -51.170377 22860 145.256 8214151.19 481784.88
106.28 444.26 -16.153903 -51.1704 22860 133.571 8214027.05 481782.6
99.73 442.51 -16.155028 -51.170414 22860 126.838 8213902.61 481781.22
93.06 441.98 -16.156147 -51.170425 22860 116.016 8213778.78 481780.14
91.44 443.02 -16.157272 -51.170425 22860 93.83 8213654.33 481780.24
92.81 445.15 -16.158392 -51.170422 22860 79.301 8213530.5 481780.64
95.46 449.79 -16.159508 -51.170416 22860 66.594 8213406.98 481781.34
97.39 454.58 -16.160622 -51.170411 22860 59.602 8213283.77 481782.03
99.49 458.25 -16.161725 -51.170402 22860 59.743 8213161.78 481783.03
102.23 462.62 -16.162822 -51.170391 22860 54.975 8213040.42 481784.31
105.16 466.72 -16.163917 -51.170386 22860 50.322 8212919.35 481785.01
105.52 468.53 -16.165008 -51.17038 22860 39.391 8212798.6 481785.7
107.66 470.02 -16.1661 -51.170386 22860 37.581 8212677.84 481785.21
110.49 470.75 -16.167192 -51.1704 22860 43.665 8212557.08 481783.82
111.8 469.01 -16.168286 -51.170416 22860 50.528 8212436.02 481782.14
111.62 466.38 -16.169383 -51.170436 22860 54.93 8212314.64 481780.17
110.71 463.3 -16.170483 -51.170447 22860 58.334 8212192.97 481779.08
109.24 460.09 -16.171592 -51.170436 22860 58.936 8212070.37 481780.37
106.07 454.82 -16.172708 -51.170411 22860 60.936 8211946.85 481783.14
104.06 449.51 -16.173833 -51.170372 22860 72.136 8211822.41 481787.4
102.05 446.92 -16.174961 -51.170339 22860 81.612 8211697.66 481791.07
100.4 446.35 -16.176094 -51.170311 22860 96.217 8211572.3 481794.14
102.6 448.19 -16.177225 -51.170294 22860 115.308 8211447.24 481796.03
105.8 450.9 -16.178355 -51.170297 22860 138.168 8211322.18 481795.84
107.05 454.01 -16.179478 -51.170327 22860 153.104 8211198.04 481792.67
109.33 457.38 -16.180597 -51.170377 22860 149.938 8211074.21 481787.43
107.78 457.3 -16.181716 -51.170441 22860 148.322 8210950.37 481780.71
102.93 453.8 -16.182839 -51.170508 22860 150.66 8210826.23 481773.68
100.77 450.76 -16.183966 -51.170555 22860 172.133 8210701.48 481768.74
102.14 449.5 -16.185094 -51.170597 22860 204.139 8210576.72 481764.39
100.4 449.43 -16.186228 -51.17063 22860 189.631 8210451.35 481760.93
100.67 449.34 -16.187358 -51.170658 22860 183.988 8210326.29 481758.06
101.5 449.88 -16.188491 -51.170683 22860 218.55 8210200.93 481755.5
102.05 450.53 -16.189625 -51.170702 22860 252.909 8210075.56 481753.52
100.95 450.88 -16.190761 -51.170722 22860 278.597 8209949.88 481751.55
99.76 451.07 -16.191894 -51.170727 22860 305.424 8209824.52 481751.06
101.01 453.24 -16.19303 -51.170722 22860 317.937 8209698.85 481751.76
103.3 456.35 -16.194164 -51.170702 22860 333.941 8209573.48 481753.94
101.68 457.56 -16.195291 -51.170675 22860 356.82 8209448.73 481757.01
92.81 457.86 -16.196416 -51.170644 22860 373.166 8209324.29 481760.38
89.49 462.28 -16.197533 -51.170611 22860 368.109 8209200.77 481764.05
91.5 469.23 -16.198641 -51.170586 22860 369.696 8209078.17 481766.82
93.33 475.52 -16.199741 -51.170575 22860 390.171 8208956.5 481768.11
101.65 471.26 -16.19903 -51.1655 22870 410.446 8209035.6 482310.49
105.46 472.59 -16.197789 -51.165483 22870 400.836 8209172.95 482312.16
111.86 474.03 -16.196555 -51.165472 22870 379.115 8209309.38 482313.24
123.75 475.2 -16.195325 -51.165461 22870 365.061 8209445.5 482314.31
122.53 475.8 -16.1941 -51.165463 22870 343.618 8209581.01 482313.91
115.52 475.25 -16.192875 -51.165472 22870 316.427 8209716.51 482312.91
108.5 473.14 -16.191653 -51.165489 22870 286.663 8209851.71 482311.02
105.77 470.88 -16.190433 -51.165514 22870 264.351 8209986.6 482308.24
103.02 468.1 -16.189214 -51.165536 22870 253.57 8210121.49 482305.75
98.15 465.51 -16.187997 -51.165555 22870 223.447 8210256.07 482303.56
93.11 463.97 -16.18678 -51.165572 22870 211.505 8210390.65 482301.67
90.83 463.88 -16.185572 -51.16558 22870 205.861 8210524.31 482300.67
92.51 465.81 -16.184369 -51.165589 22870 210.425 8210657.36 482299.68
96.01 468.33 -16.183175 -51.1656 22870 177.27 8210789.48 482298.38
101.19 470.52 -16.181983 -51.165622 22870 191.648 8210921.3 482295.9
105.16 471.46 -16.180797 -51.165647 22870 180.647 8211052.5 482293.12
110.8 471.75 -16.179611 -51.165669 22870 173.199 8211183.7 482290.64
117.04 471.04 -16.178428 -51.165683 22870 174.351 8211314.6 482289.05
120.85 471.22 -16.177242 -51.165672 22870 160.477 8211445.8 482290.13
111.25 467.45 -16.176058 -51.16565 22870 137.529 8211576.7 482292.4
105.31 461.74 -16.174869 -51.165611 22870 106.365 8211708.21 482296.45
104.24 458.22 -16.17368 -51.165558 22870 109.83 8211839.73 482301.99
104.4 457.21 -16.172492 -51.165502 22870 157.316 8211971.24 482307.82
106.98 456.45 -16.171303 -51.165452 22870 181.56 8212102.76 482313.06
112.78 455.75 -16.170114 -51.165414 22870 164.088 8212234.27 482317.11
113.39 453.91 -16.168928 -51.165383 22870 130.341 8212365.48 482320.27
111.4 451.79 -16.167739 -51.165361 22870 115.653 8212496.99 482322.54
108.51 449.62 -16.16655 -51.165344 22870 99.227 8212628.5 482324.22
104.24 446.77 -16.165358 -51.16533 22870 94.519 8212760.32 482325.6
97.23 444.34 -16.164167 -51.165327 22870 98.018 8212892.14 482325.79
96.32 445.12 -16.162975 -51.16533 22870 98.531 8213023.96 482325.38
98.45 448.17 -16.161789 -51.165336 22870 107.307 8213155.16 482324.68
100.74 450.51 -16.160605 -51.165344 22870 111.22 8213286.06 482323.69
103.63 452.43 -16.15943 -51.16535 22870 121.699 8213416.03 482322.99
108.67 453.32 -16.158258 -51.165361 22870 117.468 8213545.7 482321.7
114.3 453.08 -16.157089 -51.165375 22870 125.187 8213675.05 482320.11
113.84 451.67 -16.155919 -51.165383 22870 136.896 8213804.41 482319.11
110.95 449.18 -16.154744 -51.165389 22870 143.841 8213934.39 482318.41
102.41 445.7 -16.153569 -51.165391 22870 140.676 8214064.36 482318.01
94.79 444.4 -16.152392 -51.165397 22870 140.984 8214194.64 482317.31
91.44 446.83 -16.151219 -51.165416 22870 167.854 8214324.31 482315.13
91.44 451.17 -16.150053 -51.165441 22870 162.996 8214453.36 482312.35
92.81 455.9 -16.1489 -51.165475 22870 164.249 8214580.87 482308.69
93.88 460.7 -16.147753 -51.165511 22870 156.004 8214707.77 482304.72
97.54 463.81 -16.146608 -51.165541 22870 149.384 8214834.36 482301.35
99.67 465.35 -16.145469 -51.165566 22870 153.482 8214960.34 482298.58
100.43 464.45 -16.144331 -51.16558 22870 163.841 8215086.31 482296.99
101.19 462.66 -16.143189 -51.165589 22870 199.665 8215212.6 482296.0
102.41 459.82 -16.142042 -51.1656 22870 211.389 8215339.5 482294.71
101.19 455.39 -16.140889 -51.165603 22870 203.618 8215467.02 482294.31
101.19 448.9 -16.139725 -51.165597 22870 195.945 8215595.76 482294.8
103.63 444.16 -16.138556 -51.165578 22870 190.866 8215725.12 482296.78
104.4 441.53 -16.137383 -51.165553 22870 193.168 8215854.79 482299.35
99.36 438.99 -16.136206 -51.165525 22870 205.262 8215985.08 482302.21
88.55 435.28 -16.135019 -51.165505 22870 202.483 8216116.28 482304.18
80.16 432.4 -16.133831 -51.165486 22870 190.824 8216247.79 482306.16
82.0 433.47 -16.132642 -51.165461 22870 181.566 8216379.3 482308.72
84.73 436.71 -16.131456 -51.165439 22870 189.853 8216510.51 482310.99
82.45 440.25 -16.130275 -51.16543 22870 188.271 8216641.1 482311.78
79.55 444.15 -16.129103 -51.165439 22870 176.68 8216770.76 482310.78
84.43 446.95 -16.127939 -51.165458 22870 161.967 8216899.51 482308.6
88.7 449.88 -16.126778 -51.165486 22870 152.517 8217027.94 482305.53
93.88 452.75 -16.125622 -51.165511 22870 143.855 8217155.76 482302.75
98.76 454.96 -16.12447 -51.165533 22870 144.747 8217283.28 482300.27
101.19 457.25 -16.12332 -51.165555 22870 141.522 8217410.48 482297.8
103.94 459.01 -16.122172 -51.16558 22870 132.208 8217537.38 482295.02
108.66 459.86 -16.121028 -51.165589 22870 134.377 8217663.97 482294.03
103.23 497.08 -16.120131 -51.161028 22880 122.621 8217763.61 482781.66
92.72 497.29 -16.121225 -51.161075 22880 119.658 8217642.54 482776.7
98.15 496.03 -16.122322 -51.161114 22880 124.764 8217521.17 482772.64
117.65 495.66 -16.123422 -51.161136 22880 131.525 8217399.49 482770.36
118.66 495.41 -16.124528 -51.161139 22880 139.897 8217277.2 482770.16
122.59 494.16 -16.125633 -51.161133 22880 150.311 8217154.91 482770.85
125.76 491.34 -16.126742 -51.161125 22880 162.155 8217032.31 482771.83
128.14 487.58 -16.127856 -51.161122 22880 168.197 8216909.09 482772.23
131.91 483.62 -16.128975 -51.161125 22880 165.511 8216785.26 482772.03
131.43 479.64 -16.130097 -51.16113 22880 164.749 8216661.13 482771.53
128.81 475.79 -16.131228 -51.161139 22880 177.422 8216536.07 482770.74
125.82 471.03 -16.132364 -51.161147 22880 189.303 8216410.4 482769.94
119.24 464.3 -16.133511 -51.161155 22880 195.567 8216283.5 482769.15
109.85 456.5 -16.134667 -51.161161 22880 193.188 8216155.67 482768.66
98.97 448.24 -16.135831 -51.161147 22880 192.189 8216026.93 482770.24
89.31 443.55 -16.137003 -51.161125 22880 177.833 8215897.26 482772.72
88.58 443.33 -16.138178 -51.161094 22880 169.701 8215767.29 482776.09
93.76 445.48 -16.139347 -51.161072 22880 173.436 8215637.93 482778.57
102.41 447.29 -16.140514 -51.161061 22880 170.997 8215508.88 482779.86
105.58 448.2 -16.141678 -51.161066 22880 168.227 8215380.14 482779.36
100.0 447.81 -16.142842 -51.161086 22880 159.015 8215251.39 482777.39
92.17 446.39 -16.144003 -51.161111 22880 152.295 8215122.95 482774.81
89.0 445.83 -16.145167 -51.16113 22880 155.761 8214994.21 482772.84
87.85 449.22 -16.146322 -51.161136 22880 161.31 8214866.38 482772.34
86.44 453.82 -16.147472 -51.161133 22880 162.13 8214739.17 482772.74
89.98 459.25 -16.148611 -51.161128 22880 158.918 8214613.19 482773.43
100.64 465.37 -16.149739 -51.161116 22880 163.797 8214488.45 482774.72
109.91 470.29 -16.150861 -51.161119 22880 168.002 8214364.31 482774.52
111.65 473.02 -16.151981 -51.161119 22880 163.366 8214240.48 482774.61
113.32 473.67 -16.1531 -51.161125 22880 160.378 8214116.65 482774.12
117.8 472.51 -16.154222 -51.16113 22880 161.696 8213992.51 482773.62
122.65 470.15 -16.155347 -51.161136 22880 157.817 8213868.07 482773.13
125.58 464.81 -16.156478 -51.161147 22880 152.34 8213743.01 482772.04
119.48 457.5 -16.157619 -51.161155 22880 150.674 8213616.72 482771.24
110.7 449.72 -16.158772 -51.161166 22880 153.339 8213489.21 482770.16
102.05 445.51 -16.159933 -51.161166 22880 150.524 8213360.77 482770.26
102.23 445.09 -16.161094 -51.161164 22880 145.708 8213232.33 482770.65
103.63 445.84 -16.162255 -51.161166 22880 142.749 8213103.89 482770.46
96.77 445.39 -16.163414 -51.161175 22880 132.673 8212975.76 482769.67
92.66 446.09 -16.164569 -51.161175 22880 116.311 8212847.94 482769.77
94.88 448.17 -16.165722 -51.161164 22880 112.702 8212720.42 482771.06
91.14 451.03 -16.166869 -51.16113 22880 124.929 8212593.53 482774.72
87.91 456.31 -16.168005 -51.161075 22880 133.645 8212467.86 482780.76
90.89 463.64 -16.16913 -51.161002 22880 146.925 8212343.42 482788.58
93.63 469.23 -16.17025 -51.160927 22880 147.754 8212219.6 482796.69
95.34 471.43 -16.171364 -51.160864 22880 139.98 8212096.39 482803.62
96.53 470.42 -16.172478 -51.160822 22880 135.812 8211973.18 482808.17
93.21 467.5 -16.173597 -51.160814 22880 151.399 8211849.35 482809.16
87.6 465.49 -16.174719 -51.160841 22880 148.441 8211725.21 482806.28
89.61 467.49 -16.175842 -51.160905 22880 155.632 8211601.07 482799.55
96.04 469.82 -16.176961 -51.161 22880 167.209 8211477.23 482789.55
103.82 469.93 -16.17808 -51.161094 22880 183.016 8211353.4 482779.55
105.34 469.71 -16.1792 -51.161164 22880 192.219 8211229.56 482772.23
106.8 468.53 -16.180322 -51.161197 22880 192.822 8211105.42 482768.76
108.02 465.12 -16.181447 -51.161189 22880 197.286 8210980.98 482769.75
98.45 460.23 -16.182578 -51.161144 22880 204.327 8210855.92 482774.6
88.51 458.77 -16.183711 -51.161075 22880 203.413 8210730.57 482782.12
83.52 462.12 -16.184841 -51.161002 22880 217.112 8210605.51 482789.94
87.88 470.44 -16.185961 -51.160939 22880 217.236 8210481.69 482796.87
93.21 478.4 -16.187069 -51.160889 22880 231.785 8210359.09 482802.31
97.33 484.05 -16.188175 -51.160866 22880 254.721 8210236.8 482804.78
101.37 486.63 -16.189275 -51.160872 22880 285.164 8210115.12 482804.28
103.82 486.8 -16.190378 -51.160891 22880 288.092 8209993.14 482802.3
104.79 484.71 -16.19148 -51.160922 22880 283.501 8209871.15 482799.13
106.04 482.02 -16.192591 -51.16095 22880 308.286 8209748.24 482796.26
113.99 478.61 -16.193705 -51.160975 22880 330.415 8209625.02 482793.68
120.09 473.44 -16.19483 -51.161002 22880 340.503 8209500.58 482790.81
111.8 466.68 -16.195964 -51.16103 22880 354.26 8209375.21 482787.94
101.56 460.6 -16.197105 -51.161052 22880 373.91 8209248.92 482785.66
96.32 457.85 -16.198258 -51.161064 22880 384.691 8209121.4 482784.57
96.59 458.35 -16.199411 -51.161066 22880 403.03 8208993.89 482784.38
